0
-0.000207776
-0.000630039
-0.00105163
-0.00135498
-0.00149371
-0.00145728
-0.00124808
-0.000871272
-0.000325733
0.000393641
0.00129511
0.00238951
0.00368682
0.00519375
0.00691181
0.00883571
0.0109521
0.0132388
0.0156636
0.0181846
0.02075
0.0232981
0.0257587
0.028054
0.0300997
0.031807
0.0330852
0.0338457
0.034013
0.0335495
0.0323689
0.0304203
0.0277
0.024256
0.0201925
0.015672
0.0109149
0.00619155
0.00180585
-0.00192736
-0.00469765
-0.00639299
-0.00704754
-0.00681533
-0.00591463
-0.0045681
-0.00300224
-0.0014797
-0.000346609
0
0
0
0.000208011
0.000631015
0.00105353
0.00135772
0.00149706
0.00146098
0.00125187
0.00087493
0.000329074
-0.000390781
-0.00129288
-0.00238805
-0.00368629
-0.0051943
-0.00691359
-0.00883886
-0.0109568
-0.013245
-0.0156715
-0.0181943
-0.0207613
-0.0233111
-0.0257733
-0.0280701
-0.0301171
-0.0318255
-0.0331046
-0.0338657
-0.0340333
-0.0335699
-0.0323889
-0.0304395
-0.0277179
-0.0242723
-0.0202065
-0.0156835
-0.0109236
-0.00619725
-0.00180858
0.00192736
0.00469979
0.00639654
0.00705175
0.00681953
0.00591831
0.00457098
0.00300414
0.00148065
0.00034684
0
0
0
0.000429573
0.00110636
0.0016777
0.00194218
0.00179662
0.00119705
0.000126765
-0.00141859
-0.00344239
-0.00595431
-0.00896516
-0.0124807
-0.0164969
-0.0209957
-0.0259418
-0.0312803
-0.0369365
-0.042816
-0.0488068
-0.0547809
-0.0605983
-0.0661097
-0.0711607
-0.0755954
-0.0792606
-0.0820099
-0.0837084
-0.0842406
-0.0835224
-0.0814052
-0.0778403
-0.0728345
-0.0664537
-0.0588281
-0.0501572
-0.0407132
-0.0308426
-0.0209629
-0.0115515
-0.0031199
0.00383831
0.00873923
0.0115021
0.0122607
0.0113715
0.00929295
0.00651356
0.0035835
0.00115321
0
0
0
0.000420849
0.000947446
0.00118289
0.000904458
-1.48143e-05
-0.00162795
-0.00395595
-0.0070117
-0.0108022
-0.0153271
-0.0205757
-0.0265207
-0.0331139
-0.0402836
-0.0479334
-0.0559437
-0.0641739
-0.0724664
-0.0806508
-0.0885487
-0.0959786
-0.10276
-0.108717
-0.113685
-0.117509
-0.120051
-0.121188
-0.120814
-0.118828
-0.115167
-0.109845
-0.102922
-0.0944991
-0.0847272
-0.0738131
-0.0620247
-0.0496971
-0.0372355
-0.025114
-0.0138639
-0.00403455
0.00388646
0.00916782
0.0117971
0.0120336
0.0104524
0.00768652
0.00443602
0.00152061
0
0
0
0.000245968
0.00030694
-0.000180907
-0.00141926
-0.0034931
-0.00644942
-0.0103099
-0.0150812
-0.0207542
-0.0273006
-0.0346687
-0.0427808
-0.0515325
-0.0607943
-0.0704144
-0.0802235
-0.0900396
-0.0996734
-0.108934
-0.117631
-0.125584
-0.132621
-0.138583
-0.143328
-0.146731
-0.148683
-0.149093
-0.147883
-0.144981
-0.140407
-0.134196
-0.126407
-0.117134
-0.106505
-0.094693
-0.0819234
-0.0684806
-0.054716
-0.0410526
-0.0279828
-0.0160522
-0.00582389
0.00218502
0.00724602
0.00937563
0.00906999
0.00709685
0.00426396
0.00150027
0
0
0
-5.26175e-05
-0.000715938
-0.00224278
-0.00472518
-0.00820414
-0.0126976
-0.0182085
-0.0247217
-0.0321978
-0.0405687
-0.0497363
-0.059574
-0.0699311
-0.080637
-0.0915079
-0.102352
-0.112975
-0.123187
-0.132803
-0.14165
-0.149569
-0.156417
-0.162066
-0.166408
-0.169351
-0.170819
-0.170755
-0.169112
-0.165863
-0.161019
-0.154607
-0.146667
-0.137264
-0.126489
-0.114473
-0.101387
-0.0874615
-0.072988
-0.0583312
-0.0439339
-0.0303153
-0.0180579
-0.00777308
-4.54804e-05
0.00456033
0.00607741
0.00540264
0.00345798
0.00125281
0
0
0
-0.00045317
-0.00204495
-0.00480659
-0.00870425
-0.0137028
-0.019777
-0.0268989
-0.0350225
-0.0440731
-0.0539444
-0.0645005
-0.0755813
-0.0870093
-0.0985962
-0.11015
-0.121479
-0.132401
-0.142741
-0.152338
-0.161048
-0.168743
-0.17531
-0.180655
-0.1847
-0.187379
-0.188641
-0.188448
-0.186775
-0.183597
-0.178909
-0.172715
-0.165032
-0.155892
-0.145349
-0.133487
-0.12043
-0.10635
-0.0914786
-0.0761221
-0.0606704
-0.0456081
-0.0315165
-0.0190599
-0.00893774
-0.00176932
0.00214667
0.00314166
0.00236501
0.000920765
0
0
0
-0.000934166
-0.00357271
-0.00767122
-0.0130334
-0.0195361
-0.0271053
-0.0356786
-0.0451788
-0.055501
-0.0665113
-0.0780511
-0.0899451
-0.102009
-0.114054
-0.125899
-0.137369
-0.148301
-0.158547
-0.167976
-0.176473
-0.183939
-0.19029
-0.195455
-0.199378
-0.202009
-0.203309
-0.203244
-0.201785
-0.198916
-0.194616
-0.188869
-0.181666
-0.173011
-0.162922
-0.151442
-0.138642
-0.124637
-0.109599
-0.0937704
-0.0774833
-0.0611791
-0.0454233
-0.0309086
-0.018423
-0.00873614
-0.00236038
0.000639472
0.00121042
0.000594994
0
0
0
-0.001461
-0.00519071
-0.0106262
-0.0173937
-0.0252821
-0.0341706
-0.0439661
-0.0545663
-0.065846
-0.0776566
-0.089832
-0.102197
-0.114572
-0.126786
-0.138674
-0.150084
-0.160879
-0.17094
-0.180162
-0.188454
-0.195742
-0.201961
-0.207057
-0.210983
-0.213698
-0.215167
-0.215358
-0.214244
-0.211805
-0.208012
-0.202836
-0.196249
-0.18823
-0.178764
-0.167849
-0.155508
-0.141797
-0.126822
-0.110759
-0.0938756
-0.0765575
-0.0593381
-0.0429174
-0.0281533
-0.0159771
-0.00716713
-0.00199136
8.15303e-05
0.000311488
0
0
0
-0.00199578
-0.00678597
-0.0134697
-0.0215008
-0.0305883
-0.0405719
-0.0513343
-0.0627569
-0.0747045
-0.0870251
-0.0995563
-0.112132
-0.124591
-0.136778
-0.148553
-0.159788
-0.170372
-0.180207
-0.189211
-0.197315
-0.204458
-0.210589
-0.215662
-0.219639
-0.222483
-0.224163
-0.224652
-0.223928
-0.221969
-0.218744
-0.214217
-0.208346
-0.201085
-0.192389
-0.182215
-0.170536
-0.157347
-0.142687
-0.12666
-0.109461
-0.0914084
-0.0729855
-0.0548745
-0.0379743
-0.0233519
-0.0120413
-0.00461752
-0.00100401
7.21563e-05
0
0
0
-0.00250038
-0.00825181
-0.0160282
-0.0251281
-0.0351926
-0.04603
-0.0575064
-0.0694947
-0.081858
-0.0944492
-0.107117
-0.11971
-0.132086
-0.144112
-0.155669
-0.166652
-0.17697
-0.186545
-0.195312
-0.203213
-0.2102
-0.21623
-0.221268
-0.225279
-0.228235
-0.230111
-0.230887
-0.230549
-0.229082
-0.226455
-0.222629
-0.217551
-0.211156
-0.203368
-0.194106
-0.183291
-0.170861
-0.156787
-0.141094
-0.123899
-0.105442
-0.086139
-0.0666299
-0.0478205
-0.0308767
-0.0170801
-0.0074267
-0.00210447
-0.000145374
0
0
0
-0.00293897
-0.00949971
-0.0181697
-0.0281158
-0.0389234
-0.0503764
-0.0623304
-0.0746559
-0.0872202
-0.099886
-0.112516
-0.124976
-0.137143
-0.148905
-0.160161
-0.170825
-0.180821
-0.190087
-0.198568
-0.206217
-0.212996
-0.21887
-0.223812
-0.227797
-0.230809
-0.232832
-0.233856
-0.233877
-0.232889
-0.230869
-0.227778
-0.223554
-0.218114
-0.211357
-0.203164
-0.193412
-0.181977
-0.168762
-0.153716
-0.136868
-0.118373
-0.0985644
-0.0780168
-0.0576101
-0.0385644
-0.0223632
-0.0103991
-0.00324621
-0.000362488
0
0
0
-0.00328313
-0.0104661
-0.0198074
-0.030368
-0.0416878
-0.0535317
-0.0657489
-0.0782114
-0.090794
-0.103371
-0.115821
-0.128026
-0.139881
-0.151289
-0.162166
-0.17244
-0.182048
-0.190937
-0.199061
-0.206383
-0.212873
-0.218506
-0.223267
-0.227144
-0.230134
-0.232235
-0.233452
-0.233787
-0.233253
-0.231833
-0.229489
-0.226156
-0.221739
-0.216113
-0.209128
-0.200615
-0.190398
-0.178309
-0.164218
-0.148068
-0.129919
-0.110009
-0.0888282
-0.0672002
-0.0463523
-0.0279053
-0.0136077
-0.00459835
-0.000634438
0
0
0
-0.00351417
-0.0111136
-0.0208962
-0.0318429
-0.0434557
-0.0554836
-0.0677718
-0.0801962
-0.0926401
-0.10499
-0.117139
-0.128983
-0.140433
-0.151405
-0.161827
-0.171637
-0.180781
-0.189213
-0.196897
-0.203803
-0.209911
-0.215208
-0.219693
-0.22337
-0.226251
-0.228352
-0.229694
-0.230293
-0.230171
-0.229324
-0.227718
-0.225289
-0.221932
-0.217508
-0.211838
-0.204714
-0.195908
-0.185189
-0.172348
-0.157236
-0.139814
-0.120215
-0.0988295
-0.0763973
-0.0541119
-0.0336702
-0.0171141
-0.0061429
-0.000942599
0
0
0
-0.0036232
-0.011428
-0.0214254
-0.0325403
-0.0442427
-0.056267
-0.0684554
-0.0806878
-0.0928565
-0.10486
-0.116601
-0.127993
-0.138953
-0.149411
-0.159302
-0.168573
-0.177175
-0.185071
-0.19223
-0.198633
-0.204269
-0.20914
-0.213258
-0.216646
-0.219334
-0.221357
-0.222751
-0.22355
-0.223784
-0.223462
-0.222559
-0.221015
-0.218724
-0.215533
-0.211246
-0.205621
-0.198385
-0.189244
-0.177914
-0.164155
-0.147825
-0.128943
-0.107783
-0.0849814
-0.0616612
-0.039536
-0.0208578
-0.0078466
-0.00132842
0
0
0
-0.00361006
-0.0114142
-0.0214108
-0.0324909
-0.0440972
-0.0559493
-0.0678862
-0.0797916
-0.0915658
-0.103117
-0.114359
-0.125213
-0.135609
-0.145481
-0.154772
-0.163435
-0.171426
-0.178713
-0.185275
-0.1911
-0.196189
-0.200558
-0.204234
-0.207258
-0.209677
-0.211548
-0.212922
-0.21385
-0.21437
-0.214506
-0.214246
-0.213537
-0.212276
-0.210309
-0.207425
-0.203361
-0.197803
-0.190403
-0.180804
-0.168677
-0.153771
-0.135987
-0.115471
-0.0927352
-0.0688012
-0.0453494
-0.0247637
-0.00972091
-0.00178296
0
0
0
-0.00348155
-0.0110915
-0.0208868
-0.0317465
-0.043089
-0.054619
-0.0661706
-0.0776306
-0.0889059
-0.0999128
-0.110574
-0.120819
-0.130583
-0.139808
-0.148441
-0.156438
-0.163763
-0.170389
-0.176301
-0.181495
-0.185986
-0.1898
-0.192982
-0.195586
-0.19768
-0.199336
-0.200624
-0.201607
-0.202336
-0.202848
-0.203145
-0.203185
-0.202878
-0.202076
-0.200565
-0.198067
-0.19424
-0.188688
-0.180989
-0.170722
-0.157532
-0.141193
-0.121714
-0.0994651
-0.0753416
-0.050948
-0.0287302
-0.011739
-0.00229758
0
0
0
-0.00324964
-0.0104893
-0.0199009
-0.0303726
-0.0413021
-0.0523774
-0.0634267
-0.0743383
-0.0850243
-0.0954081
-0.10542
-0.114994
-0.124072
-0.1326
-0.140531
-0.147824
-0.154448
-0.160381
-0.165614
-0.170155
-0.174024
-0.177263
-0.179927
-0.182086
-0.183821
-0.185219
-0.186366
-0.187339
-0.188197
-0.18899
-0.189735
-0.190409
-0.190939
-0.191193
-0.190967
-0.189981
-0.187875
-0.184217
-0.178523
-0.170291
-0.159056
-0.144464
-0.126379
-0.105015
-0.0811161
-0.0561763
-0.032642
-0.0138479
-0.00286254
0
0
0
-0.00292984
-0.00964387
-0.0185088
-0.0284433
-0.038828
-0.0493331
-0.0597789
-0.0700535
-0.0800734
-0.0897675
-0.0990715
-0.107926
-0.116277
-0.124075
-0.131277
-0.137846
-0.143755
-0.148988
-0.153544
-0.157436
-0.160696
-0.163371
-0.165527
-0.167247
-0.16862
-0.169745
-0.170718
-0.171625
-0.172538
-0.173513
-0.174584
-0.175751
-0.176965
-0.178119
-0.179035
-0.179443
-0.178981
-0.177194
-0.173546
-0.167458
-0.15836
-0.145766
-0.129388
-0.109272
-0.0859926
-0.0609002
-0.0363886
-0.0159892
-0.00346266
0
0
0
-0.0025398
-0.00859554
-0.0167711
-0.0260373
-0.0357624
-0.0455978
-0.0553537
-0.0649167
-0.0742064
-0.0831564
-0.0917079
-0.0998065
-0.107403
-0.114451
-0.120913
-0.126756
-0.131959
-0.136511
-0.140416
-0.143695
-0.146385
-0.14854
-0.150235
-0.151554
-0.152596
-0.153462
-0.154253
-0.155064
-0.155969
-0.157034
-0.158306
-0.159809
-0.161526
-0.163388
-0.165251
-0.166877
-0.167916
-0.167906
-0.166274
-0.162372
-0.155528
-0.145126
-0.130718
-0.112172
-0.0898779
-0.0650137
-0.0398746
-0.0181094
-0.00409399
0
0
0
-0.00209832
-0.00738719
-0.0147509
-0.0232353
-0.032202
-0.041283
-0.0502767
-0.0590666
-0.0675741
-0.0757374
-0.0835026
-0.0908204
-0.0976458
-0.103939
-0.109665
-0.114798
-0.119322
-0.12323
-0.126533
-0.129257
-0.131443
-0.133151
-0.134456
-0.135446
-0.136216
-0.136868
-0.137501
-0.138209
-0.139068
-0.140147
-0.141505
-0.143189
-0.145219
-0.14757
-0.150149
-0.152764
-0.155101
-0.156707
-0.15699
-0.155246
-0.150707
-0.142628
-0.130398
-0.113699
-0.0927196
-0.0684427
-0.0430236
-0.0201569
-0.00474376
0
0
0
-0.00162472
-0.00606289
-0.0125127
-0.020118
-0.0282423
-0.0364982
-0.0446705
-0.0526376
-0.0603225
-0.0676671
-0.0746225
-0.0811448
-0.0871945
-0.0927371
-0.0977438
-0.102194
-0.106077
-0.109393
-0.112157
-0.1144
-0.116166
-0.117516
-0.118524
-0.119275
-0.119858
-0.120366
-0.12089
-0.121516
-0.122318
-0.123362
-0.124717
-0.126448
-0.128611
-0.131231
-0.134275
-0.137617
-0.140997
-0.143999
-0.14603
-0.146347
-0.144098
-0.138409
-0.128507
-0.113881
-0.0945053
-0.0711452
-0.0457806
-0.0220876
-0.00539865
0
0
0
-0.00113871
-0.0046675
-0.010121
-0.0167654
-0.0239767
-0.0313494
-0.0386528
-0.0457589
-0.0525906
-0.0590938
-0.0652245
-0.0709448
-0.0762212
-0.0810255
-0.0853356
-0.089137
-0.092425
-0.0952065
-0.0975008
-0.0993416
-0.100776
-0.101864
-0.102675
-0.103286
-0.103776
-0.104225
-0.104708
-0.105297
-0.106059
-0.107054
-0.108352
-0.110033
-0.112184
-0.114878
-0.118146
-0.121941
-0.126081
-0.130209
-0.133764
-0.135982
-0.135941
-0.132649
-0.125168
-0.112789
-0.0952594
-0.0731111
-0.0481145
-0.0238686
-0.00604666
0
0
0
-0.000661224
-0.00324669
-0.00764034
-0.0132561
-0.0194957
-0.0259383
-0.0323361
-0.0385525
-0.0445095
-0.0501562
-0.0554541
-0.0603714
-0.0648817
-0.0689635
-0.072602
-0.0757898
-0.0785289
-0.0808316
-0.0827221
-0.0842365
-0.0854223
-0.0863366
-0.087043
-0.0876081
-0.0880972
-0.0885718
-0.0890884
-0.0897008
-0.0904634
-0.0914272
-0.0926583
-0.0942443
-0.0962915
-0.0989128
-0.102203
-0.106195
-0.110805
-0.115766
-0.120576
-0.12448
-0.126509
-0.12556
-0.120536
-0.110524
-0.0950393
-0.0743596
-0.0500172
-0.0254811
-0.00667833
0
0
0
-0.000216249
-0.00184727
-0.00513481
-0.00966618
-0.014886
-0.0203615
-0.0258263
-0.0311333
-0.0362016
-0.0409831
-0.0454448
-0.0495617
-0.0533144
-0.0566895
-0.0596797
-0.0622852
-0.0645147
-0.0663863
-0.0679281
-0.0691779
-0.0701826
-0.0709949
-0.071671
-0.0722657
-0.0728289
-0.0734029
-0.0740232
-0.074723
-0.0755407
-0.0765175
-0.0777119
-0.0792098
-0.081126
-0.0835985
-0.0867706
-0.0907552
-0.0955732
-0.101071
-0.106841
-0.112176
-0.116085
-0.117374
-0.114791
-0.107218
-0.09393
-0.074936
-0.051503
-0.0269206
-0.00728821
0
0
0
0.000173204
-0.00051607
-0.00266844
-0.00606968
-0.0102308
-0.0147106
-0.0192238
-0.0236088
-0.0277809
-0.0316935
-0.0353189
-0.0386389
-0.041642
-0.0443229
-0.0466826
-0.048729
-0.0504775
-0.0519517
-0.0531831
-0.0542107
-0.0550791
-0.0558363
-0.0565298
-0.0572028
-0.0578899
-0.0586156
-0.0593946
-0.0602391
-0.0611706
-0.0622204
-0.0634376
-0.0649005
-0.0667203
-0.0690424
-0.0720388
-0.0758849
-0.0807034
-0.08647
-0.0929061
-0.0993933
-0.104956
-0.108332
-0.108126
-0.10302
-0.0920369
-0.0749071
-0.0526062
-0.0281979
-0.00787645
0
0
0
0.000560394
0.000695262
-0.00031156
-0.00254109
-0.00561123
-0.00907336
-0.0126233
-0.0160805
-0.0193539
-0.0223977
-0.0251885
-0.0277149
-0.0299735
-0.0319676
-0.0337065
-0.0352059
-0.036488
-0.0375815
-0.0385209
-0.0393453
-0.0400967
-0.0408173
-0.0415462
-0.0423153
-0.0431465
-0.0440493
-0.0450214
-0.0460554
-0.0471536
-0.0483413
-0.0496568
-0.0511683
-0.0529748
-0.0552119
-0.0580563
-0.0617205
-0.0664117
-0.0722358
-0.0790687
-0.0864242
-0.0933891
-0.098668
-0.10074
-0.098086
-0.0894794
-0.0743564
-0.053378
-0.0293381
-0.00845039
0
0
0
0.000916779
0.00184833
0.0018883
0.000819459
-0.00111434
-0.00353654
-0.00611657
-0.00864443
-0.0110209
-0.0131987
-0.0151575
-0.0168923
-0.0184077
-0.0197156
-0.0208339
-0.0217861
-0.0226013
-0.0233127
-0.0239574
-0.0245744
-0.0252026
-0.0258781
-0.0266317
-0.0274856
-0.0284517
-0.0295291
-0.0307054
-0.0319575
-0.0332642
-0.0346512
-0.0361434
-0.0378012
-0.0397054
-0.0419698
-0.0447538
-0.0482766
-0.0528028
-0.0585501
-0.0655601
-0.0735184
-0.0816273
-0.0886017
-0.09282
-0.0925745
-0.0863831
-0.0733781
-0.0538832
-0.0303795
-0.00902581
0
0
0
0.00122995
0.00290627
0.00394268
0.0039847
0.00316007
0.00179385
0.000204004
-0.00139407
-0.00287786
-0.00419429
-0.00532399
-0.00626678
-0.0070357
-0.00765122
-0.00813969
-0.00853254
-0.00886523
-0.00917605
-0.00950448
-0.00988927
-0.0103661
-0.0109655
-0.0117103
-0.0126143
-0.0136815
-0.0149056
-0.0162716
-0.017752
-0.019293
-0.0209346
-0.0226759
-0.0245772
-0.0266978
-0.0291236
-0.0319813
-0.0354694
-0.0398779
-0.0455012
-0.0525377
-0.060871
-0.0698737
-0.0783253
-0.0845397
-0.086634
-0.0828716
-0.0720709
-0.0541959
-0.031372
-0.00962767
0
0
0
0.00149432
0.00384693
0.0058166
0.00691757
0.00717219
0.00684565
0.00623716
0.00556881
0.0049752
0.00451942
0.00422038
0.00407271
0.00405749
0.00414637
0.00430464
0.004493
0.00466925
0.00479009
0.00481332
0.00470014
0.00441755
0.00394048
0.00325315
0.0023493
0.0012311
-9.29109e-05
-0.00160558
-0.00328365
-0.00508091
-0.00702256
-0.00907641
-0.0113098
-0.0137557
-0.0164732
-0.0195521
-0.0231506
-0.0275561
-0.0330906
-0.0400822
-0.0486167
-0.0582863
-0.0679973
-0.0760459
-0.0803958
-0.0790596
-0.070532
-0.0543945
-0.0323739
-0.0102901
0
0
0
0.00170735
0.00465543
0.00748161
0.00957966
0.0108722
0.0115606
0.0119186
0.0121706
0.0124612
0.0128618
0.0133929
0.0140455
0.014794
0.0156021
0.0164266
0.0172203
0.0179343
0.0185204
0.0189336
0.0191349
0.0190936
0.0187889
0.018211
0.0173598
0.0162431
0.0148752
0.0132735
0.0114564
0.00941864
0.00720572
0.00475939
0.0021211
-0.000735647
-0.00384702
-0.00727839
-0.0111456
-0.0157039
-0.0212494
-0.0282028
-0.0368286
-0.0469743
-0.0577365
-0.0674536
-0.0739662
-0.075044
-0.0688492
-0.0545568
-0.0334492
-0.0110555
0
0
0
0.0018679
0.00532071
0.00891299
0.0119331
0.0142099
0.0158791
0.017183
0.0183422
0.0195081
0.0207594
0.0221193
0.0235761
0.025098
0.0266406
0.0281525
0.0295786
0.0308632
0.0319531
0.0328006
0.0333658
0.0336195
0.0335438
0.0331325
0.0323888
0.0313228
0.0299469
0.0282715
0.0263012
0.0240386
0.021518
0.0187276
0.0156915
0.0124141
0.00887697
0.00501596
0.000708555
-0.00416668
-0.00985919
-0.0168486
-0.0255225
-0.035998
-0.0476202
-0.0588412
-0.0674201
-0.070897
-0.0670939
-0.0547528
-0.0346626
-0.0119725
0
0
0
0.00197559
0.00583402
0.0100884
0.013941
0.0171346
0.0197397
0.0219618
0.0240111
0.0260417
0.0281377
0.0303253
0.0325906
0.0348961
0.0371897
0.0394117
0.0414991
0.0433897
0.0450251
0.0463544
0.0473363
0.0479415
0.0481533
0.0479667
0.0473857
0.0464191
0.0450759
0.0433598
0.0412682
0.0387996
0.0359984
0.0328693
0.0294246
0.0256714
0.0216054
0.0172034
0.012427
0.00720958
0.00122799
-0.005922
-0.0146646
-0.0253719
-0.0376833
-0.0502475
-0.0607947
-0.0666575
-0.0653119
-0.0550371
-0.0360733
-0.0130927
0
0
0
0.00203057
0.006188
0.0109868
0.0155665
0.0195948
0.0230786
0.0261831
0.0291015
0.0319851
0.0349208
0.0379363
0.041016
0.0441169
0.0471794
0.0501356
0.0529149
0.0554482
0.0576719
0.0595313
0.0609828
0.0619958
0.0625529
0.062648
0.0622836
0.0614659
0.0601999
0.0584848
0.0563131
0.0536747
0.0506292
0.047179
0.0433311
0.0390941
0.0344747
0.0294741
0.0240866
0.0182798
0.0119163
0.00471054
-0.00418479
-0.0150699
-0.0279215
-0.0416709
-0.0540851
-0.0623237
-0.0635143
-0.0554395
-0.0377281
-0.0144659
0
0
0
0.00203314
0.00637582
0.0115875
0.0167723
0.0215368
0.0258289
0.0297713
0.0335337
0.0372584
0.0410307
0.0448775
0.0487806
0.0526912
0.0565425
0.0602586
0.0637611
0.0669741
0.0698285
0.0722653
0.0742377
0.0757123
0.0766695
0.0771006
0.0770051
0.0763857
0.0752437
0.0735745
0.0713663
0.0686092
0.0653625
0.0616191
0.0573866
0.0526782
0.0475085
0.0418915
0.0358382
0.0293444
0.022356
0.0147164
0.00598008
-0.00502463
-0.0182952
-0.0330701
-0.0472402
-0.0578447
-0.0616663
-0.0559539
-0.0396514
-0.0161335
0
0
0
0.00198334
0.00638993
0.011868
0.017518
0.022903
0.0279195
0.0326463
0.0372238
0.0417784
0.0463875
0.0510735
0.0558134
0.060552
0.065215
0.0697183
0.073976
0.0779052
0.0814313
0.0844903
0.0870313
0.0890177
0.0904258
0.0912436
0.0914665
0.0910938
0.0901242
0.0885523
0.0863667
0.0835527
0.0801401
0.0761303
0.0715396
0.0663856
0.060687
0.0544639
0.0477372
0.0405219
0.0328079
0.0245203
0.0154113
0.0048144
-0.00874327
-0.0243672
-0.04016
-0.0531119
-0.0596753
-0.0565248
-0.0418336
-0.018121
0
0
0
0.00188014
0.00621981
0.011801
0.0177568
0.0236291
0.0292725
0.0347223
0.0400837
0.0454588
0.0509097
0.056449
0.0620453
0.0676354
0.0731366
0.0784568
0.0835022
0.0881833
0.0924196
0.0961422
0.0992956
0.101839
0.103744
0.104995
0.105582
0.105502
0.104751
0.103326
0.101219
0.0984215
0.0948665
0.0906239
0.0857167
0.0801606
0.0739732
0.0671769
0.0597989
0.0518673
0.0433998
0.0343773
0.0246764
0.0138997
0.000846658
-0.0154421
-0.0326928
-0.0479509
-0.0573771
-0.0570319
-0.0442176
-0.0204286
0
0
0
0.00171982
0.00584786
0.0113485
0.0174299
0.0236392
0.0298006
0.0359064
0.0420202
0.0482107
0.0545156
0.0609302
0.0674102
0.0738816
0.0802522
0.0864214
0.0922878
0.0977554
0.102738
0.107162
0.110966
0.114106
0.116549
0.118274
0.119268
0.119523
0.119033
0.117791
0.115788
0.113003
0.109378
0.104987
0.0998391
0.0939468
0.0873297
0.0800134
0.0720304
0.0634179
0.0542123
0.0444312
0.0340296
0.0227924
0.0100467
-0.00613523
-0.0246393
-0.0421139
-0.0545208
-0.057272
-0.0466832
-0.0230215
0
0
0
0.00149265
0.00524166
0.010452
0.0164571
0.0228389
0.0294027
0.036097
0.042936
0.0499443
0.0571247
0.0644466
0.0718467
0.0792367
0.0865133
0.0935666
0.100288
0.106576
0.112338
0.117495
0.121985
0.125756
0.128773
0.131008
0.132446
0.133075
0.132885
0.131869
0.130012
0.127291
0.123663
0.119194
0.113871
0.10771
0.100733
0.0929673
0.0844494
0.0752219
0.0653327
0.0548228
0.0436975
0.031853
0.0188921
0.00363563
-0.0157706
-0.0352706
-0.0507501
-0.0569369
-0.0490282
-0.0258194
0
0
0
0.00117639
0.00433978
0.00901611
0.0147232
0.0211063
0.0279594
0.0351826
0.0427307
0.0505717
0.0586619
0.066935
0.0753018
0.0836557
0.0918801
0.0998558
0.107467
0.114606
0.121178
0.127099
0.132302
0.136734
0.140353
0.14313
0.145045
0.146084
0.146234
0.145488
0.143835
0.141264
0.137759
0.133238
0.127787
0.121426
0.114173
0.106053
0.0971002
0.08736
0.0768854
0.0657317
0.0539374
0.0414774
0.0281509
0.0132645
-0.00567512
-0.0269822
-0.0455808
-0.0555871
-0.0509471
-0.0286856
0
0
0
0.000725011
0.0030279
0.00688291
0.0120596
0.018282
0.0253295
0.033043
0.0413042
0.0500115
0.0590621
0.0683441
0.0777352
0.0871062
0.0963253
0.105264
0.113799
0.121821
0.129228
0.135937
0.141878
0.146993
0.151239
0.154585
0.157006
0.158488
0.159016
0.158583
0.157181
0.154802
0.151424
0.146957
0.141505
0.135068
0.127665
0.119323
0.110079
0.0999754
0.089067
0.0774142
0.0650713
0.052053
0.0382541
0.0232488
0.00577502
-0.0167753
-0.0383815
-0.0526167
-0.0520022
-0.031414
0
0
0
5.88259e-05
0.00110797
0.00379643
0.00822222
0.0141598
0.0213502
0.0295532
0.0385633
0.0481966
0.0582789
0.0686427
0.0791262
0.089574
0.0998384
0.109781
0.119275
0.128205
0.136472
0.143989
0.150685
0.156502
0.161396
0.165333
0.168289
0.170246
0.171191
0.171118
0.170021
0.167894
0.16473
0.160498
0.15513
0.148731
0.141323
0.13293
0.123586
0.113328
0.102206
0.0902752
0.0775911
0.0641857
0.050011
0.0348182
0.0178289
-0.00383536
-0.0282916
-0.0471963
-0.0515819
-0.0337119
0
0
0
-0.000903476
-0.00170295
-0.000633555
0.0028703
0.00847863
0.0158421
0.0245949
0.0344344
0.0450874
0.0562973
0.067832
0.0794854
0.0910744
0.102436
0.113423
0.123906
0.133771
0.142916
0.151258
0.158725
0.165262
0.170824
0.175377
0.178897
0.181368
0.182779
0.183124
0.182403
0.180618
0.177769
0.173851
0.168772
0.162602
0.1554
0.147196
0.138017
0.127896
0.116868
0.104974
0.0922564
0.0787361
0.0643672
0.0489403
0.0318925
0.0118515
-0.0142651
-0.0382138
-0.0488376
-0.0351723
0
0
0
-0.00242045
-0.00568516
-0.00671737
-0.00448828
0.000877826
0.00861457
0.0180763
0.0288877
0.0407
0.0531637
0.0659756
0.0788843
0.0916813
0.104191
0.116262
0.127765
0.138587
0.148632
0.157817
0.166077
0.173357
0.179616
0.184823
0.188956
0.192002
0.193954
0.194811
0.194579
0.193267
0.190887
0.187452
0.182954
0.177273
0.170546
0.16284
0.154179
0.14458
0.134057
0.122627
0.1103
0.0970643
0.0828327
0.0673587
0.0501063
0.030062
0.00508896
-0.0241303
-0.0425595
-0.0352224
0
0
0
-0.00492173
-0.0115105
-0.0149727
-0.0139977
-0.00889603
-0.000561844
0.00998738
0.0220122
0.0351926
0.0490769
0.0632921
0.0775504
0.0916264
0.105339
0.118539
0.131099
0.142915
0.153894
0.163963
0.173061
0.18114
0.188163
0.194105
0.198949
0.202689
0.205324
0.206861
0.207312
0.206697
0.205038
0.202361
0.198687
0.194006
0.188199
0.181383
0.173683
0.165093
0.155596
0.145168
0.133777
0.121347
0.10771
0.0925057
0.0750779
0.0544069
0.0291397
-0.00270419
-0.0309423
-0.0330238
0
0
0
-0.00907087
-0.0199642
-0.0259263
-0.0258479
-0.020556
-0.0113427
0.000637345
0.0143042
0.0291779
0.0447071
0.0604826
0.0762066
0.0916547
0.106652
0.121057
0.134753
0.147645
0.159652
0.17071
0.180766
0.189781
0.197728
0.204588
0.210355
0.215028
0.218618
0.22114
0.222615
0.223073
0.222543
0.221062
0.218662
0.215366
0.211163
0.205943
0.199715
0.192699
0.184826
0.176017
0.166181
0.155156
0.142637
0.128066
0.110531
0.0887375
0.0612284
0.0271227
-0.0111622
-0.0272725
0
0
0
-0.0157637
-0.0316109
-0.0394184
-0.039207
-0.0327589
-0.0219301
-0.00810562
0.0078237
0.0248281
0.0422968
0.0598534
0.0772293
0.0942225
0.110677
0.126467
0.141492
0.155671
0.168937
0.181237
0.192532
0.202792
0.212001
0.22015
0.227242
0.233286
0.238301
0.242309
0.245341
0.247431
0.248616
0.248935
0.248422
0.24711
0.245011
0.24211
0.238306
0.233439
0.227778
0.221178
0.213484
0.204415
0.193465
0.179791
0.162102
0.138658
0.107526
0.067423
0.0204641
-0.0157099
0
0
0
-0.0257324
-0.0453186
-0.0523681
-0.0495461
-0.0399614
-0.0260697
-0.0093007
0.00969093
0.0293208
0.0491423
0.0688592
0.0882528
0.107157
0.125442
0.143006
0.159769
0.175665
0.190643
0.204664
0.217702
0.229737
0.240763
0.250779
0.259795
0.267828
0.274898
0.281036
0.286271
0.290641
0.294182
0.296929
0.298915
0.300168
0.3007
0.300508
0.299552
0.29774
0.294789
0.290821
0.285637
0.278792
0.269525
0.256641
0.23839
0.212449
0.176149
0.127259
0.0664132
0.0064923
0
0
0
-0.0373327
-0.0526981
-0.0512291
-0.0400294
-0.0231927
-0.00306422
0.0190526
0.0417005
0.0646454
0.087502
0.110019
0.132026
0.153401
0.174053
0.193909
0.212913
0.231021
0.2482
0.264424
0.279679
0.293955
0.307252
0.319577
0.330941
0.341363
0.350867
0.359478
0.367228
0.37415
0.380275
0.385635
0.390259
0.394166
0.397367
0.39985
0.401578
0.402466
0.402343
0.401056
0.39823
0.393229
0.385049
0.372171
0.352408
0.322798
0.279655
0.219032
0.138603
0.046398
0
0
0
-0.0325195
-0.0151959
0.0152689
0.0470453
0.0779065
0.107963
0.137114
0.165286
0.19258
0.218979
0.244451
0.268966
0.292507
0.315059
0.336611
0.357155
0.376687
0.395203
0.412705
0.429196
0.444683
0.459179
0.472698
0.485261
0.496888
0.507608
0.517448
0.526441
0.534619
0.542013
0.548657
0.554576
0.559791
0.564311
0.568126
0.571199
0.573463
0.57485
0.574835
0.572877
0.56821
0.55968
0.54558
0.523438
0.48976
0.439687
0.366591
0.262161
0.12255
0
0
0
0.146641
0.25488
0.332155
0.390829
0.437731
0.476846
0.510463
0.540007
0.566436
0.590384
0.612285
0.632444
0.651081
0.668363
0.684414
0.699332
0.713194
0.726063
0.737991
0.749025
0.759204
0.768567
0.77715
0.784989
0.792119
0.798575
0.804394
0.80961
0.814258
0.818372
0.821983
0.825119
0.827798
0.83003
0.831807
0.833087
0.833765
0.833581
0.832256
0.829333
0.824125
0.815611
0.802267
0.781799
0.750643
0.702947
0.628353
0.507366
0.304549
0
0
0
1.85336
1.74512
1.66784
1.60917
1.56226
1.52315
1.48953
1.45999
1.43356
1.40961
1.38771
1.36756
1.34892
1.33164
1.3156
1.30068
1.28682
1.27395
1.26202
1.25099
1.24081
1.23145
1.22287
1.21503
1.2079
1.20144
1.19562
1.1904
1.18576
1.18164
1.17803
1.17489
1.17221
1.16998
1.1682
1.16692
1.16624
1.16643
1.16775
1.17067
1.17588
1.18439
1.19773
1.2182
1.24935
1.29705
1.37164
1.49263
1.69545
2
0
