0
0
0
0
0
0
0
0
0
0
0
0
0
0
0
0
0
0
0
0
0
0
0
0
0
0
0
0
0
0
0
0
0
0
0
0
0
0
0
0
0
0
0
0
0
0
0
0
0
0
0
0
0.000207942
-0.000208181
-0.000423092
-0.000422596
-0.000304263
-0.000139412
3.6025e-05
0.000209055
0.000376897
0.000545818
0.000719826
0.000902076
0.00109516
0.00129823
0.00150801
0.00171929
0.00192527
0.00211793
0.00228823
0.00242651
0.00252277
0.00256705
0.00254981
0.00246227
0.00229676
0.00204701
0.00170847
0.00127905
0.000761177
0.000167553
-0.000463385
-0.00118096
-0.00194945
-0.00272158
-0.00344567
-0.00406576
-0.00452307
-0.00475993
-0.00472637
-0.00438871
-0.00373598
-0.00277246
-0.0016968
-0.000655251
0.000232172
0.000901165
0.00134729
0.00156678
0.00152344
0.00113376
0.000346786
-0.000346556
0.000636845
-0.000637842
-0.00109989
-0.000993953
-0.000568754
6.1396e-06
0.000635593
0.00127933
0.00192225
0.00256961
0.00323175
0.00391292
0.00461065
0.00531443
0.00600687
0.00666537
0.00726379
0.0077741
0.00816779
0.00841724
0.00849694
0.00838444
0.00806121
0.00751326
0.0067315
0.00571224
0.00445771
0.00297762
0.00129334
-0.00055069
-0.00258056
-0.00474588
-0.00695523
-0.00910242
-0.0110713
-0.0127366
-0.013967
-0.0146306
-0.0146061
-0.0138001
-0.0121676
-0.00973069
-0.00659773
-0.00341814
-0.000526458
0.0017904
0.0034258
0.00434616
0.00445348
0.00356404
0.00149999
-0.00149902
0.00105677
-0.00105877
-0.0016265
-0.0012294
-0.000290335
0.000925404
0.00224872
0.00360733
0.004978
0.00636011
0.00775668
0.0091615
0.0105556
0.0119077
0.0131766
0.0143152
0.0152741
0.0160043
0.0164603
0.0166016
0.0163949
0.0158143
0.0148425
0.0134708
0.0116993
0.00953643
0.0069995
0.00411485
0.000919313
-0.0025367
-0.00624222
-0.0100674
-0.0138783
-0.0175255
-0.0208431
-0.0236508
-0.0257553
-0.0269582
-0.0270678
-0.0259215
-0.0234177
-0.0195601
-0.0145188
-0.00869951
-0.00315574
0.00155392
0.00500692
0.00711206
0.00770397
0.00647943
0.00302059
-0.00301873
0.00130182
-0.00130481
-0.00168749
-0.000741564
0.000948014
0.00299924
0.00520503
0.00746784
0.00974922
0.0120332
0.0143031
0.0165296
0.0186677
0.0206594
0.0224383
0.0239353
0.0250832
0.0258204
0.0260941
0.0258617
0.0250924
0.0237673
0.0218793
0.0194332
0.0164445
0.012939
0.00895152
0.00452531
-0.000290583
-0.00543877
-0.0108161
-0.0162792
-0.021667
-0.0267988
-0.0314721
-0.0354625
-0.0385249
-0.040401
-0.0408324
-0.0395849
-0.0364876
-0.0314907
-0.024747
-0.0167084
-0.00821675
-0.000575692
0.00531255
0.00908519
0.0105369
0.0092431
0.00452085
-0.00451824
0.00124848
-0.00125226
-0.00102417
0.000785267
0.00343041
0.00647819
0.00969846
0.0129787
0.0162624
0.0195093
0.022674
0.0256971
0.0285055
0.0310164
0.0331443
0.0348062
0.0359272
0.0364437
0.0363056
0.0354776
0.0339397
0.0316866
0.028727
0.0250826
0.0207863
0.0158816
0.0104201
0.0044607
-0.0019333
-0.00868816
-0.0156596
-0.0226915
-0.0296066
-0.036202
-0.0422466
-0.0474793
-0.0516103
-0.0543266
-0.055306
-0.0542417
-0.0508849
-0.0451093
-0.0370044
-0.0269933
-0.0159444
-0.00518151
0.00379546
0.00975995
0.0124815
0.0114483
0.00577366
-0.00577058
0.000795008
-0.000799148
0.0005676
0.0035469
0.00732807
0.0114768
0.0157726
0.0201007
0.024386
0.0285599
0.0325453
0.0362533
0.0395863
0.0424444
0.0447312
0.0463598
0.0472569
0.0473653
0.0466453
0.045075
0.0426499
0.0393811
0.0352944
0.030428
0.0248308
0.0185607
0.0116826
0.00426768
-0.00360695
-0.0118664
-0.0203474
-0.0288848
-0.0372896
-0.0453425
-0.0527899
-0.059341
-0.0646673
-0.0684069
-0.070177
-0.0695982
-0.0663366
-0.0601716
-0.0510961
-0.0394499
-0.0260665
-0.0123499
-0.000120541
0.00876496
0.0132581
0.0128925
0.00669442
-0.00669117
-0.000138898
0.000134969
0.00320614
0.00764541
0.0126902
0.0179795
0.0233418
0.028674
0.0338862
0.0388821
0.0435555
0.0477931
0.0514804
0.0545078
0.056777
0.0582048
0.0587265
0.0582971
0.0568916
0.0545042
0.0511468
0.0468468
0.0416451
0.0355937
0.0287533
0.0211917
0.0129824
0.00420283
-0.00506608
-0.0147348
-0.0246473
-0.0346323
-0.0444925
-0.0539977
-0.0628785
-0.0708216
-0.0774673
-0.0824114
-0.085215
-0.085427
-0.0826237
-0.0764758
-0.0668519
-0.0539645
-0.0385522
-0.0220368
-0.00649631
0.00576511
0.0126872
0.0135079
0.0072894
-0.00728622
-0.00159893
0.00159593
0.00693584
0.0130809
0.0194577
0.0258679
0.0322304
0.0384695
0.0444864
0.0501618
0.0553661
0.0599685
0.0638449
0.0668838
0.0689909
0.0700924
0.0701364
0.0690927
0.0669524
0.0637256
0.0594394
0.0541348
0.0478643
0.0406896
0.0326791
0.0239069
0.0144512
0.00439386
-0.00618037
-0.0171734
-0.0284402
-0.0398086
-0.0510789
-0.0620168
-0.0723451
-0.0817364
-0.0898084
-0.0961223
-0.10019
-0.10149
-0.0995074
-0.0937939
-0.0840713
-0.0703853
-0.0533163
-0.034213
-0.0153063
0.000589325
0.0106143
0.0132779
0.00760088
-0.00759791
-0.00359304
0.00359168
0.011726
0.0197646
0.0274889
0.0349554
0.0422139
0.0492319
0.055909
0.0621094
0.0676867
0.0724998
0.076421
0.0793424
0.0811783
0.0818672
0.0813713
0.0796761
0.0767876
0.0727301
0.067543
0.0612777
0.0539951
0.0457633
0.036656
0.0267511
0.0161311
0.00488228
-0.00690399
-0.0191323
-0.0316651
-0.044336
-0.0569502
-0.0692773
-0.0810412
-0.09191
-0.101488
-0.109311
-0.114849
-0.117517
-0.116707
-0.111846
-0.102494
-0.0884962
-0.0702165
-0.0488354
-0.0266169
-0.00683444
0.00700078
0.0122018
0.00767304
-0.00767035
-0.00609112
0.00609204
0.0174775
0.027541
0.0365888
0.04502
0.0530513
0.0607083
0.0678973
0.0744726
0.080278
0.0851672
0.0890144
0.0917184
0.0932045
0.0934242
0.0923543
0.0899941
0.0863629
0.0814965
0.0754439
0.0682646
0.0600258
0.0508007
0.0406671
0.0297071
0.0180071
0.00565841
-0.00724134
-0.0206002
-0.0342919
-0.0481619
-0.062028
-0.0756724
-0.0888292
-0.101172
-0.112303
-0.121741
-0.128924
-0.133209
-0.133902
-0.130303
-0.121797
-0.108005
-0.0890259
-0.0657792
-0.0404135
-0.0164878
0.00167855
0.0102427
0.00752766
-0.00752532
-0.00902728
0.009031
0.0240382
0.0362109
0.0465349
0.0558276
0.0645043
0.0726623
0.0802228
0.087037
0.0929438
0.0977968
0.101475
0.103886
0.104966
0.10468
0.103018
0.0999906
0.0956286
0.0899771
0.0830932
0.0750432
0.0659001
0.0557424
0.0446529
0.0327185
0.02003
0.0066829
-0.00722115
-0.0215881
-0.036311
-0.0512531
-0.0662525
-0.0811123
-0.0955865
-0.109364
-0.122055
-0.133176
-0.142139
-0.148256
-0.15075
-0.148798
-0.141605
-0.128553
-0.109433
-0.084825
-0.0566147
-0.028452
-0.00547429
0.00735895
0.00716517
-0.00716324
-0.0123073
0.0123141
0.0312212
0.0455522
0.0570956
0.0671474
0.0763482
0.0848795
0.0926854
0.0996196
0.105521
0.110246
0.11368
0.11574
0.116374
0.115558
0.113292
0.109599
0.104517
0.0981012
0.0904153
0.0815328
0.0715337
0.0605031
0.0485303
0.0357079
0.0221314
0.00789949
-0.00688561
-0.0221227
-0.0377307
-0.0535965
-0.0695856
-0.0855299
-0.101213
-0.116349
-0.130568
-0.143393
-0.154228
-0.162346
-0.1669
-0.166947
-0.161515
-0.149734
-0.131061
-0.105673
-0.0750617
-0.0427495
-0.0144836
0.00339503
0.00653072
-0.0065293
-0.0158182
0.0158283
0.0388206
0.0553348
0.0680423
0.0787602
0.0883761
0.0971677
0.10511
0.112064
0.117871
0.122394
0.125525
0.12719
0.127346
0.12598
0.123102
0.118742
0.112949
0.105785
0.0973213
0.0876407
0.0768316
0.064988
0.0522072
0.0385887
0.0242329
0.00924074
-0.00628587
-0.0222449
-0.0385781
-0.0552019
-0.0720151
-0.0888865
-0.105637
-0.122019
-0.137692
-0.152199
-0.164947
-0.175187
-0.182012
-0.184369
-0.181114
-0.171119
-0.153493
-0.127958
-0.0955034
-0.0593057
-0.0254548
-0.00180527
0.00558812
-0.00558727
-0.0194382
0.0194515
0.0466254
0.0653323
0.0791572
0.0904626
0.1004
0.109356
0.117342
0.124232
0.129875
0.134136
0.136917
0.13815
0.137804
0.135872
0.132372
0.127345
0.120845
0.112944
0.103724
0.0932769
0.0817028
0.0691064
0.0555951
0.0412764
0.0262557
0.010635
-0.0054867
-0.0220112
-0.0389005
-0.0561039
-0.073559
-0.091178
-0.108828
-0.126306
-0.143316
-0.159436
-0.174088
-0.186517
-0.195771
-0.2007
-0.199996
-0.192279
-0.176294
-0.151279
-0.117629
-0.0779838
-0.038466
-0.00832345
0.0042597
-0.00425956
-0.0230452
0.0230616
0.0544295
0.0753289
0.0902373
0.102069
0.112253
0.121293
0.129248
0.136006
0.141426
0.145378
0.147771
0.148546
0.147676
0.145163
0.141034
0.135336
0.128133
0.119506
0.109549
0.0983662
0.0860715
0.0727827
0.0586188
0.0436963
0.0281259
0.0120095
-0.00455929
-0.0214908
-0.0387644
-0.0563637
-0.0742685
-0.092439
-0.110795
-0.12919
-0.147381
-0.164994
-0.181488
-0.196116
-0.207898
-0.215606
-0.21778
-0.212795
-0.19903
-0.175213
-0.14108
-0.0985695
-0.0535088
-0.0162614
0.00247674
-0.00247743
-0.0265241
0.0265432
0.0620395
0.0851242
0.101097
0.113411
0.123782
0.132845
0.140708
0.147282
0.152432
0.15604
0.158016
0.15831
0.1569
0.153797
0.149032
0.142661
0.134759
0.125417
0.114743
0.102857
0.089886
0.075964
0.0612234
0.0457906
0.0297814
0.0132972
-0.00357599
-0.0207614
-0.0382526
-0.0560672
-0.0742281
-0.0927457
-0.111597
-0.130701
-0.149879
-0.168822
-0.187039
-0.203816
-0.218164
-0.228797
-0.234119
-0.232274
-0.221279
-0.199336
-0.165474
-0.120787
-0.0705
-0.0257029
0.000179161
-0.000180796
-0.0297715
0.0297928
0.0692792
0.0945358
0.111569
0.124341
0.134858
0.143894
0.151619
0.157968
0.162816
0.166051
0.167591
0.167388
0.165429
0.161728
0.156325
0.149285
0.140692
0.130651
0.119284
0.106727
0.0931247
0.0786277
0.0633823
0.0475259
0.0311797
0.0144441
-0.00260365
-0.0199032
-0.0374598
-0.0553222
-0.0735539
-0.0922152
-0.111344
-0.130926
-0.150865
-0.170928
-0.190697
-0.20951
-0.226396
-0.240032
-0.24871
-0.250359
-0.242643
-0.223235
-0.190414
-0.144322
-0.0892941
-0.0366883
-0.00268338
0.00268072
-0.0326995
0.0327227
0.0759932
0.103401
0.121503
0.134726
0.145363
0.15434
0.161894
0.167988
0.17251
0.175355
0.176445
0.175739
0.173227
0.168929
0.162894
0.155194
0.145925
0.135207
0.123176
0.109986
0.0957998
0.0807845
0.0651015
0.0488993
0.0323046
0.0154169
-0.00169582
-0.0189911
-0.0364846
-0.0542506
-0.0723874
-0.0910013
-0.110189
-0.130011
-0.150457
-0.171389
-0.192485
-0.213158
-0.232484
-0.24913
-0.261303
-0.266738
-0.26276
-0.246514
-0.215506
-0.168833
-0.109693
-0.0492148
-0.00614605
0.00614229
-0.035238
0.0352625
0.082049
0.111576
0.13077
0.144451
0.155198
0.164096
0.171457
0.177277
0.18146
0.183907
0.184544
0.183335
0.180275
0.175391
0.168737
0.160397
0.150477
0.139112
0.126454
0.112675
0.0979556
0.0824789
0.066421
0.0499408
0.0331706
0.0162087
-0.000885104
-0.0180861
-0.0354198
-0.052978
-0.0708848
-0.0892841
-0.108327
-0.128148
-0.148831
-0.170349
-0.192496
-0.21479
-0.236386
-0.255974
-0.271705
-0.281146
-0.281306
-0.268808
-0.24037
-0.193972
-0.131459
-0.0632302
-0.01024
0.0102352
-0.0373356
0.0373609
0.0873379
0.11894
0.139254
0.153417
0.164279
0.17309
0.180247
0.185785
0.189624
0.191672
0.191862
0.190161
0.186568
0.181117
0.173871
0.16492
0.154386
0.142415
0.129178
0.114861
0.0996639
0.083784
0.0674104
0.0507111
0.0338226
0.0168421
-0.000177587
-0.0172271
-0.034341
-0.0516195
-0.0692007
-0.0872543
-0.105976
-0.12557
-0.146216
-0.168012
-0.19089
-0.214507
-0.23813
-0.260513
-0.279784
-0.293376
-0.298004
-0.289787
-0.264647
-0.219392
-0.154325
-0.0786434
-0.0149838
0.0149778
-0.03896
0.0389857
0.091776
0.12539
0.146859
0.161542
0.172535
0.181262
0.188214
0.19347
0.196968
0.198627
0.198384
0.19621
0.192111
0.186124
0.178321
0.168803
0.157702
0.145179
0.13142
0.116627
0.101014
0.0847924
0.068161
0.0512941
0.0343307
0.0173662
0.000448229
-0.0164252
-0.0332964
-0.050265
-0.0674697
-0.0850912
-0.103355
-0.122525
-0.142875
-0.164632
-0.187888
-0.212475
-0.237813
-0.262762
-0.285473
-0.303278
-0.31263
-0.309163
-0.288007
-0.244756
-0.178018
-0.0953323
-0.0203825
0.0203753
-0.0400989
0.0401244
0.0953048
0.130843
0.153504
0.168753
0.179908
0.188565
0.19532
0.200302
0.203472
0.204758
0.204104
0.201487
0.196915
0.190434
0.182122
0.172091
0.160483
0.147474
0.133261
0.118062
0.102102
0.0856035
0.068772
0.0517845
0.0347793
0.0178491
0.00103724
-0.0156631
-0.0323012
-0.0489672
-0.0657882
-0.0829404
-0.100662
-0.119257
-0.13908
-0.160492
-0.18376
-0.20892
-0.235596
-0.262803
-0.288765
-0.310759
-0.32501
-0.326692
-0.310156
-0.269753
-0.202264
-0.113154
-0.0264291
0.0264208
-0.0407606
0.0407857
0.0978903
0.135237
0.159119
0.174993
0.186351
0.194963
0.201536
0.206259
0.209118
0.210056
0.209022
0.205997
0.200997
0.194073
0.18531
0.17483
0.162786
0.149364
0.134775
0.119248
0.103016
0.08631
0.0693371
0.0522736
0.0352539
0.0183657
0.00164969
-0.0149005
-0.0313374
-0.0477361
-0.0642023
-0.0808932
-0.0980404
-0.115967
-0.135088
-0.155881
-0.178799
-0.204111
-0.231691
-0.260775
-0.289714
-0.315783
-0.335021
-0.342177
-0.330835
-0.294095
-0.2268
-0.131957
-0.0331075
0.0330981
-0.0409777
0.041002
0.0995214
0.138525
0.163651
0.180213
0.191826
0.200428
0.206843
0.211327
0.2139
0.214518
0.213139
0.20975
0.204372
0.197063
0.187916
0.177059
0.164658
0.150906
0.136025
0.120252
0.103829
0.0869861
0.0699318
0.0528368
0.0358279
0.018986
0.00234943
-0.0140827
-0.0303605
-0.0465417
-0.0627044
-0.078977
-0.0955679
-0.112795
-0.131103
-0.151064
-0.173301
-0.198341
-0.226356
-0.256865
-0.288425
-0.318366
-0.342593
-0.355465
-0.349829
-0.317528
-0.251383
-0.151589
-0.0403957
0.0403853
-0.0408055
0.0408288
0.100211
0.140677
0.167052
0.184374
0.196306
0.204941
0.211228
0.215499
0.217813
0.218143
0.216459
0.212753
0.207053
0.199423
0.189962
0.178808
0.166132
0.152138
0.137053
0.121121
0.104586
0.0876796
0.0706048
0.053524
0.0365535
0.0197651
0.00319396
-0.0131513
-0.0293107
-0.0453245
-0.0612416
-0.0771571
-0.0932459
-0.109798
-0.127257
-0.146245
-0.167535
-0.191904
-0.219869
-0.251303
-0.285049
-0.318572
-0.3477
-0.366448
-0.366959
-0.339829
-0.275791
-0.171911
-0.0482721
0.0482609
-0.0402463
0.0402685
0.100076
0.141684
0.169282
0.187444
0.199768
0.208491
0.214686
0.218772
0.220856
0.220934
0.218985
0.215012
0.209047
0.201162
0.191461
0.18009
0.167225
0.153077
0.137877
0.121872
0.105307
0.0884085
0.0713739
0.0543552
0.0374563
0.0207373
0.00422791
-0.012053
-0.028123
-0.044009
-0.05973
-0.0753506
-0.0910088
-0.106954
-0.123593
-0.141554
-0.161711
-0.185071
-0.212513
-0.244338
-0.27977
-0.3165
-0.350354
-0.375055
-0.382082
-0.360808
-0.299831
-0.192799
-0.0567225
0.0567104
-0.039331
0.0393517
0.0991442
0.141644
0.17035
0.189378
0.20219
0.211071
0.217214
0.221149
0.223034
0.222893
0.22072
0.216527
0.210355
0.20228
0.192414
0.180905
0.167937
0.153722
0.138494
0.1225
0.105982
0.089162
0.0722279
0.0553213
0.0385338
0.0219136
0.00548002
-0.0107463
-0.0267359
-0.0425168
-0.0580723
-0.0734464
-0.0887445
-0.10417
-0.12007
-0.137028
-0.155963
-0.178061
-0.204555
-0.236229
-0.272796
-0.312282
-0.350599
-0.381246
-0.395087
-0.380302
-0.323335
-0.214152
-0.0657483
0.0657355
-0.0381027
0.0381218
0.0974679
0.140607
0.170308
0.190202
0.203557
0.212661
0.218812
0.222633
0.224351
0.224022
0.221662
0.217296
0.210971
0.202768
0.192807
0.181238
0.168248
0.15405
0.138879
0.122977
0.106581
0.0899068
0.073132
0.0563885
0.0397578
0.0232796
0.00696046
-0.00920531
-0.0250944
-0.0407755
-0.056171
-0.0713257
-0.0863187
-0.101312
-0.116582
-0.132619
-0.15034
-0.171025
-0.196222
-0.227227
-0.264344
-0.306068
-0.348505
-0.385009
-0.405888
-0.398178
-0.346158
-0.235897
-0.075376
0.0753624
-0.0366102
0.0366275
0.0951153
0.138638
0.169207
0.189948
0.203883
0.213269
0.21948
0.223226
0.224806
0.224321
0.22181
0.217311
0.210882
0.20261
0.192618
0.181062
0.168127
0.154027
0.138992
0.12326
0.107059
0.0905942
0.0740359
0.0575067
0.0410819
0.0247923
0.00863853
-0.00740804
-0.0231527
-0.0387216
-0.0539376
-0.0688798
-0.0836013
-0.0982331
-0.112984
-0.128214
-0.144805
-0.164033
-0.187687
-0.217557
-0.254633
-0.298019
-0.344155
-0.386345
-0.414415
-0.414315
-0.368179
-0.257981
-0.0856661
0.0856519
-0.0349047
0.0349202
0.0921673
0.135812
0.167109
0.188655
0.203195
0.212911
0.219228
0.222936
0.224406
0.22379
0.221158
0.216563
0.210074
0.201786
0.191825
0.180348
0.167541
0.153614
0.138791
0.123301
0.107363
0.0911721
0.0748871
0.0586233
0.0424498
0.026394
0.0104556
-0.00537024
-0.0209398
-0.0362753
-0.0512993
-0.066023
-0.0804899
-0.0948017
-0.109116
-0.123655
-0.13926
-0.15708
-0.179061
-0.207411
-0.243871
-0.288302
-0.337642
-0.385267
-0.42061
-0.428607
-0.389287
-0.280374
-0.0967216
0.0967067
-0.0330387
0.0330523
0.0887144
0.132219
0.164089
0.186378
0.201525
0.211608
0.218069
0.22177
0.223155
0.22243
0.219701
0.215041
0.208531
0.200274
0.190398
0.179063
0.166451
0.152766
0.138226
0.123048
0.107439
0.0915835
0.0756308
0.0596894
0.0438256
0.0280694
0.0124259
-0.00310768
-0.0184192
-0.0334848
-0.0482633
-0.0627457
-0.0769527
-0.0909407
-0.104809
-0.11878
-0.133568
-0.150091
-0.170387
-0.196936
-0.232249
-0.277081
-0.329063
-0.38179
-0.424413
-0.440948
-0.409377
-0.303064
-0.108694
0.108679
-0.031065
0.0310768
0.084856
0.127965
0.160237
0.183185
0.19892
0.209385
0.216019
0.219739
0.221058
0.220243
0.217435
0.212735
0.206238
0.198052
0.188311
0.177172
0.164815
0.151437
0.137244
0.122442
0.107227
0.0917701
0.0762119
0.0606559
0.0451689
0.0297855
0.0145175
-0.000639054
-0.0156179
-0.0303557
-0.0448185
-0.0589925
-0.0728867
-0.0865387
-0.100033
-0.113563
-0.127586
-0.142941
-0.161645
-0.186228
-0.219938
-0.264517
-0.318516
-0.375927
-0.425759
-0.451223
-0.428341
-0.326045
-0.121787
0.121771
-0.0290363
0.0290462
0.0806986
0.123166
0.155657
0.179156
0.195437
0.206281
0.213101
0.216856
0.218123
0.217227
0.214356
0.209635
0.203175
0.195096
0.185532
0.174639
0.162592
0.149578
0.135792
0.121429
0.10667
0.091675
0.0765763
0.0614736
0.0464349
0.0315007
0.0166892
0.00199938
-0.0125724
-0.0269056
-0.0409706
-0.0547556
-0.0682673
-0.0815382
-0.0946451
-0.107756
-0.121222
-0.135735
-0.15275
-0.175343
-0.207086
-0.250767
-0.306102
-0.367689
-0.424568
-0.459298
-0.446052
-0.349307
-0.136253
0.136236
-0.027005
0.0270131
0.0763559
0.117955
0.150472
0.174392
0.191145
0.202339
0.209339
0.213131
0.21435
0.213381
0.210453
0.205724
0.199324
0.19138
0.182029
0.171426
0.159737
0.147141
0.13382
0.119955
0.105713
0.0912439
0.0766718
0.062093
0.0475769
0.0331698
0.0188974
0.00475645
-0.00932567
-0.0231622
-0.0367381
-0.0500472
-0.0630976
-0.0759212
-0.0885919
-0.101262
-0.114234
-0.128095
-0.144013
-0.164339
-0.193816
-0.235993
-0.291932
-0.357084
-0.420747
-0.465011
-0.462355
-0.372825
-0.152386
0.152369
-0.0250234
0.0250297
0.0719493
0.112477
0.144822
0.169007
0.186128
0.197612
0.204761
0.208576
0.209741
0.208694
0.205713
0.200985
0.194661
0.186876
0.177772
0.167497
0.156211
0.144082
0.131279
0.117968
0.104305
0.0904261
0.0764489
0.0624657
0.0485465
0.0347417
0.021083
0.00757042
-0.00591311
-0.0191524
-0.0321474
-0.0448933
-0.057399
-0.0696981
-0.0818652
-0.0940469
-0.10652
-0.119808
-0.134904
-0.153742
-0.180258
-0.220369
-0.276139
-0.344132
-0.414183
-0.468161
-0.477046
-0.396538
-0.170507
0.17049
-0.023145
0.0231496
0.0676096
0.106895
0.138866
0.163135
0.180485
0.192162
0.1994
0.203201
0.20429
0.203155
0.200117
0.195395
0.18916
0.181556
0.172726
0.162816
0.151975
0.140359
0.128126
0.115425
0.102399
0.0891755
0.0758615
0.0625457
0.0492973
0.0361675
0.0231896
0.0103678
-0.00235812
-0.0149097
-0.0272402
-0.0393371
-0.0512115
-0.0629018
-0.0744872
-0.0861152
-0.0980528
-0.110785
-0.125203
-0.142965
-0.167205
-0.20408
-0.258888
-0.328874
-0.404757
-0.468506
-0.48986
-0.420327
-0.190936
0.190919
-0.0214268
0.0214298
0.0634816
0.101395
0.132785
0.156925
0.174323
0.186056
0.193286
0.197011
0.197986
0.196741
0.193637
0.188924
0.182789
0.175387
0.16686
0.157348
0.146992
0.135936
0.124321
0.112285
0.0999563
0.0874505
0.0748676
0.0622909
0.0497875
0.0374092
0.0251924
0.0131529
0.00126757
-0.0105192
-0.0220922
-0.0334449
-0.0445944
-0.0555856
-0.0665042
-0.0775028
-0.0888472
-0.101004
-0.114802
-0.131728
-0.154459
-0.187898
-0.240384
-0.3114
-0.39235
-0.465755
-0.500449
-0.443989
-0.213957
0.21394
-0.0199357
0.0199371
0.0597326
0.0961845
0.12678
0.150544
0.16776
0.179362
0.186447
0.190002
0.190805
0.189419
0.186236
0.181534
0.175512
0.168334
0.160139
0.151061
0.14123
0.130778
0.119831
0.108514
0.09694
0.0852149
0.0734298
0.0616624
0.0499771
0.0384257
0.0270488
0.0158738
0.0048962
-0.00605014
-0.0167697
-0.0272838
-0.0376171
-0.0478202
-0.0579862
-0.0682754
-0.078958
-0.0904941
-0.103677
-0.119883
-0.141498
-0.172641
-0.220978
-0.2919
-0.376871
-0.459569
-0.508358
-0.467197
-0.239777
0.23976
-0.0187608
0.0187607
0.0565692
0.0915081
0.121073
0.14416
0.160906
0.172139
0.178899
0.182162
0.182715
0.181146
0.17787
0.17318
0.167288
0.160358
0.152527
0.143921
0.134659
0.124857
0.114628
0.104082
0.0933209
0.0824375
0.0715147
0.0606242
0.0498265
0.039172
0.0287016
0.0184444
0.00840147
-0.00152951
-0.0113187
-0.0209225
-0.0303637
-0.0397
-0.0490338
-0.0585352
-0.0684834
-0.0793404
-0.0918823
-0.107423
-0.128172
-0.157755
-0.202039
-0.270593
-0.358272
-0.449562
-0.512998
-0.489459
-0.268462
0.268447
-0.0180372
0.0180357
0.0542663
0.0876531
0.115896
0.137938
0.153859
0.164425
0.170638
0.173454
0.173664
0.171864
0.168479
0.163809
0.158069
0.15142
0.143992
0.1359
0.127251
0.118148
0.108688
0.0989672
0.0890744
0.0790918
0.069093
0.0591431
0.0492979
0.039605
0.0301037
0.020824
0.011779
0.00293705
-0.00586639
-0.0144854
-0.0229607
-0.0313586
-0.0397892
-0.0484318
-0.0575751
-0.0676876
-0.0795394
-0.0944051
-0.114373
-0.14275
-0.184565
-0.248042
-0.336666
-0.435327
-0.513612
-0.510047
-0.299876
0.299862
-0.0179798
0.0179768
0.0532171
0.0849646
0.11147
0.132
0.146668
0.156222
0.161628
0.163821
0.163582
0.1615
0.157995
0.153361
0.147805
0.141477
0.134498
0.12697
0.118985
0.110631
0.101992
0.0931498
0.0841803
0.0751546
0.0661374
0.0571864
0.0483521
0.0396782
0.0312012
0.0229502
0.0149431
0.00716934
-0.000498316
-0.00808672
-0.0155521
-0.0229661
-0.0304447
-0.0381745
-0.046453
-0.0557566
-0.0668553
-0.0809997
-0.100198
-0.127557
-0.167576
-0.226378
-0.31221
-0.416422
-0.509227
-0.527917
-0.333588
0.333576
-0.0188846
0.0188802
0.0540166
0.0838952
0.107966
0.126392
0.139305
0.147469
0.151788
0.153168
0.152372
0.149965
0.146342
0.141772
0.136443
0.130489
0.124015
0.117105
0.109839
0.102289
0.0945245
0.086613
0.0786187
0.0706017
0.0626173
0.0547156
0.0469411
0.0393324
0.0319221
0.024736
0.0177913
0.011088
0.00458047
-0.0019166
-0.0083506
-0.0147616
-0.0212664
-0.0280534
-0.0354248
-0.0438628
-0.0541374
-0.0674794
-0.0858297
-0.11213
-0.150528
-0.206337
-0.286093
-0.392474
-0.498603
-0.541583
-0.368761
0.36875
-0.0213063
0.0213006
0.0572813
0.0849274
0.105737
0.121026
0.131568
0.138008
0.140977
0.141356
0.139908
0.137153
0.133433
0.128975
0.123934
0.118418
0.112512
0.106284
0.0997949
0.0931033
0.0862646
0.0793328
0.0723598
0.065395
0.0584843
0.0516698
0.0449891
0.0384748
0.0321543
0.0260487
0.0201712
0.0145223
0.00907873
0.00376443
-0.00162327
-0.00705569
-0.0126054
-0.0184542
-0.0249023
-0.0324324
-0.0418109
-0.0542435
-0.0715981
-0.0966561
-0.133275
-0.186293
-0.26112
-0.363254
-0.480174
-0.54892
-0.403983
0.403975
-0.0262291
0.0262223
0.06387
0.0883896
0.104762
0.115924
0.123234
0.127458
0.128952
0.128175
0.126024
0.122938
0.119175
0.114899
0.110221
0.105218
0.0999511
0.0944685
0.0888153
0.0830341
0.0771667
0.0712542
0.0653369
0.0594533
0.0536399
0.0479301
0.0423541
0.0369378
0.0317026
0.026664
0.0218302
0.0171991
0.0127526
0.00844565
0.00418373
-0.000239579
-0.00490557
-0.00986436
-0.0154053
-0.0220048
-0.0304191
-0.0418142
-0.0579608
-0.0814519
-0.115848
-0.165622
-0.235853
-0.331411
-0.451936
-0.546838
-0.437007
0.437001
-0.0353005
0.0352932
0.0747634
0.0943517
0.104684
0.110632
0.114021
0.115478
0.115285
0.113302
0.110495
0.107162
0.103451
0.099451
0.0952239
0.0908136
0.0862546
0.0815767
0.076808
0.0719765
0.0671105
0.0622389
0.0573903
0.0525929
0.0478733
0.0432564
0.0387643
0.0344161
0.0302269
0.0262068
0.0223596
0.0186805
0.0151527
0.0117417
0.00838659
0.00498059
0.00132225
-0.00284858
-0.00753199
-0.0131959
-0.020583
-0.0307898
-0.0454414
-0.0668812
-0.0983123
-0.143829
-0.208344
-0.297305
-0.413651
-0.530728
-0.464279
0.464276
-0.0510638
0.0510569
0.0906105
0.102159
0.104473
0.104184
0.103192
0.101654
0.0993557
0.0962972
0.0930261
0.0896057
0.086075
0.0824577
0.0787699
0.0750234
0.071229
0.0673978
0.0635422
0.0596763
0.0558161
0.0519786
0.0481817
0.0444435
0.0407815
0.037212
0.03375
0.0304077
0.0271947
0.0241167
0.0211746
0.0183623
0.0156648
0.0130544
0.0104849
0.0078821
0.00512621
0.00201817
-0.00187045
-0.00659604
-0.0128898
-0.0217206
-0.0344914
-0.053207
-0.0806237
-0.120385
-0.177212
-0.257202
-0.366692
-0.494554
-0.479989
0.479989
-0.0767943
0.0767892
0.110197
0.109209
0.101651
0.0945995
0.0893003
0.0848848
0.0803641
0.0766673
0.0732046
0.0698888
0.0666813
0.0635538
0.0604847
0.0574589
0.0544665
0.0515019
0.048564
0.0456547
0.0427788
0.0399432
0.0371562
0.0344271
0.0317652
0.0291798
0.0266792
0.0242704
0.0219588
0.019747
0.0176342
0.0156152
0.0136781
0.011802
0.00995244
0.00807465
0.00608132
0.00383061
0.00108029
-0.0026278
-0.00770637
-0.0148755
-0.0252243
-0.0403228
-0.0623732
-0.0944434
-0.140912
-0.208312
-0.305846
-0.434633
-0.473497
0.473498
-0.114124
0.114122
0.125562
0.10774
0.090451
0.0777627
0.0691719
0.0627679
0.0577162
0.0537225
0.050348
0.0473722
0.0446742
0.0421783
0.0398332
0.037603
0.0354624
0.0333938
0.0313854
0.0294302
0.0275244
0.025667
0.0238589
0.0221025
0.0204009
0.0187575
0.0171759
0.0156589
0.0142086
0.0128258
0.0115091
0.0102547
0.00905439
0.00789448
0.00675235
0.00559155
0.00435323
0.00294237
0.00120288
-0.00134027
-0.0048806
-0.00987494
-0.0170441
-0.0274446
-0.0426101
-0.0648334
-0.0977686
-0.14769
-0.225417
-0.342428
-0.427099
0.427101
-0.146641
0.146641
0.108238
0.0772749
0.0586745
0.0469015
0.0391154
0.0336173
0.0295439
0.0264284
0.0239485
0.021901
0.0201585
0.0186375
0.0172816
0.0160511
0.014918
0.0138621
0.012869
0.0119285
0.0110335
0.0101793
0.00936308
0.00858316
0.00783881
0.00712983
0.00645631
0.00581837
0.00521588
0.00464828
0.00411423
0.00361126
0.00313515
0.00267912
0.0022323
0.00177677
0.00128067
0.000677781
-0.000184233
-0.00132438
-0.0029233
-0.00520801
-0.00851433
-0.013344
-0.0204682
-0.0311553
-0.0476962
-0.074594
-0.120987
-0.202817
-0.304549
0.304551
0
0
0
0
0
0
0
0
0
0
0
0
0
0
0
0
0
0
0
0
0
0
0
0
0
0
0
0
0
0
0
0
0
0
0
0
0
0
0
0
0
0
0
0
0
0
0
0
0
0
0
0
0
0
0
0
0
0
0
0
0
0
0
0
0
0
0
0
0
0
0
0
0
0
0
0
0
0
0
0
0
0
0
0
0
0
0
0
0
0
0
0
0
0
0
0
0
0
0
0
0
0
0
0
