0
0
0
0
0
0
0
0
0
0
0
0
0
0
0
0
0
0
0
0
0
0
0
0
0
0
0
0
0
0
0
0
0
0
0
0
0
0
0
0
0
0
0
0
0
0
0
0
0
0
0
0
0
0
0
0
0
0
0
0
0
0
0
0
0
0
0
0
0
0
0
0
0
0
0
0
0
0
0
0
0
0
0
0
0
0
0
0
0
0
0
0
0
0
0
0
0
0
0
0
0.362755
0
0
0
0
0
0
0
0
0
0
0
0
0
0
0
0
0
0
0
0
0
0
0
0
0
0
0
0
0
0
0
0
0
0
0
0
0
0
0
0
0
0
0
0
0
0
0
0
0
0
0
0
0
0
0
0
0
0
0
0
0
0
0
0
0
0
0
0
0
0
0
0
0
0
0
0
0
0
0
0
0
0
0
0
0
0
0
0
0
0
0
0
0
0
0
0
0
0
0
0
0
0.362755
0.362755
0
0
7.17551e-32
2.27877e-29
4.08677e-27
4.59146e-25
3.45419e-23
1.82255e-21
6.97635e-20
1.9874e-18
4.29815e-17
7.1699e-16
9.34721e-15
9.63228e-14
7.92951e-13
5.27112e-12
2.86357e-11
1.28961e-10
4.89849e-10
1.60139e-09
4.60497e-09
1.18961e-08
2.81182e-08
6.17137e-08
1.27238e-07
2.48691e-07
4.64143e-07
8.32008e-07
1.43928e-06
2.41215e-06
3.92938e-06
6.23872e-06
9.67692e-06
1.46934e-05
2.1878e-05
3.19929e-05
4.60086e-05
6.51442e-05
9.09116e-05
0.000125163
0.000170143
0.00022854
0.00030354
0.000398888
0.000518933
0.000668693
0.000853896
0.00108103
0.00135739
0.00169109
0.00209111
0.00256733
0.00313049
0.0037922
0.00456496
0.00546208
0.00649767
0.00768659
0.00904435
0.0105871
0.0123314
0.0142943
0.0164932
0.0189455
0.0216689
0.024681
0.0279991
0.0316404
0.0356215
0.0399586
0.0446674
0.0497629
0.055259
0.0611693
0.0675061
0.0742813
0.0815057
0.0891894
0.0973419
0.105972
0.115089
0.124702
0.134819
0.145453
0.156613
0.168318
0.180585
0.193442
0.206925
0.221086
0.235999
0.251774
0.268579
0.286681
0.306528
0.328921
0.355417
0.389375
0.438983
0.526986
0.725151
0.725151
0
0
1.52325e-30
3.79879e-28
5.56722e-26
5.25291e-24
3.3851e-22
1.55288e-20
5.22788e-19
1.32193e-17
2.55669e-16
3.83807e-15
4.52757e-14
4.24317e-13
3.19271e-12
1.9503e-11
9.7963e-11
4.10887e-10
1.46586e-09
4.54228e-09
1.24931e-08
3.11155e-08
7.13664e-08
1.52763e-07
3.08391e-07
5.92029e-07
1.08797e-06
1.92417e-06
3.28948e-06
5.45562e-06
8.80472e-06
1.38631e-05
2.13418e-05
3.21851e-05
4.76261e-05
6.92514e-05
9.90734e-05
0.000139611
0.000193977
0.000265973
0.000360193
0.000482123
0.000638254
0.00083619
0.00108475
0.00139409
0.00177576
0.00224285
0.00281004
0.00349363
0.00431166
0.00528389
0.00643182
0.00777867
0.00934938
0.0111705
0.0132702
0.0156779
0.0184246
0.0215423
0.0250639
0.0290233
0.0334549
0.0383933
0.0438734
0.0499301
0.0565975
0.0639097
0.0718996
0.0805993
0.0900394
0.10025
0.111258
0.12309
0.135771
0.149324
0.163771
0.179131
0.195423
0.212665
0.230873
0.250067
0.270262
0.291481
0.313747
0.33709
0.361546
0.387168
0.414022
0.442205
0.471852
0.503162
0.536431
0.572111
0.610927
0.654077
0.70363
0.763278
0.839667
0.943831
1.08683
1.08683
0
0
1.95956e-29
3.99708e-27
4.92299e-25
3.98182e-23
2.2326e-21
9.01467e-20
2.69584e-18
6.10056e-17
1.0625e-15
1.44401e-14
1.54958e-13
1.32718e-12
9.16989e-12
5.17119e-11
2.41305e-10
9.47285e-10
3.19012e-09
9.41524e-09
2.48739e-08
5.99371e-08
1.33767e-07
2.79865e-07
5.54159e-07
1.04637e-06
1.89556e-06
3.31079e-06
5.59798e-06
9.19398e-06
1.4709e-05
2.29784e-05
3.5125e-05
5.26317e-05
7.74273e-05
0.000111983
0.000159421
0.000223635
0.000309425
0.000422632
0.000570297
0.000760807
0.00100406
0.00131163
0.00169691
0.00217528
0.00276424
0.00348354
0.00435532
0.00540415
0.00665713
0.00814394
0.00989684
0.0119506
0.0143426
0.0171124
0.0203022
0.0239559
0.0281197
0.0328412
0.0381695
0.0441549
0.0508485
0.0583019
0.0665669
0.075695
0.0857371
0.0967435
0.108763
0.121843
0.136029
0.151365
0.167892
0.185649
0.204672
0.224995
0.24665
0.269666
0.294071
0.31989
0.347149
0.375872
0.406087
0.437821
0.471108
0.50599
0.542519
0.580763
0.620815
0.662801
0.706898
0.753357
0.80254
0.854979
0.911467
0.973208
1.04202
1.12062
1.21266
1.32182
1.44744
1.44744
0
0
1.8858e-28
3.23577e-26
3.41867e-24
2.4076e-22
1.18908e-20
4.26812e-19
1.14314e-17
2.33114e-16
3.67785e-15
4.5489e-14
4.4616e-13
3.50765e-12
2.23505e-11
1.16869e-10
5.08951e-10
1.87896e-09
6.00166e-09
1.69462e-08
4.31677e-08
1.00946e-07
2.19748e-07
4.50232e-07
8.75775e-07
1.62854e-06
2.91125e-06
5.02592e-06
8.41101e-06
1.36882e-05
2.17204e-05
3.36823e-05
5.11446e-05
7.61723e-05
0.00011144
0.00016036
0.00022723
0.000317392
0.000437409
0.000595249
0.000800487
0.00106451
0.00140071
0.00182472
0.00235462
0.00301109
0.00381766
0.00480082
0.00599022
0.00741872
0.00912254
0.0111413
0.0135178
0.0162986
0.0195332
0.0232744
0.0275778
0.032502
0.0381079
0.0444587
0.0516193
0.0596562
0.0686369
0.0786295
0.0897022
0.101923
0.115359
0.130077
0.14614
0.163611
0.182551
0.203015
0.225059
0.248733
0.274085
0.30116
0.329999
0.360639
0.393117
0.427465
0.463716
0.501902
0.542055
0.584212
0.628413
0.674707
0.723157
0.773842
0.826869
0.88238
0.94057
1.00171
1.06616
1.13445
1.20729
1.28568
1.37093
1.46469
1.56858
1.6833
1.80662
1.80662
0
0
1.47266e-27
2.16966e-25
1.99734e-23
1.23992e-21
5.44794e-20
1.75267e-18
4.23322e-17
7.82514e-16
1.12414e-14
1.27118e-13
1.14439e-12
8.29237e-12
4.89273e-11
2.3822e-10
9.72473e-10
3.39185e-09
1.03222e-08
2.79971e-08
6.8999e-08
1.57007e-07
3.34091e-07
6.71469e-07
1.28484e-06
2.35558e-06
4.15921e-06
7.10282e-06
1.17729e-05
1.89957e-05
2.99112e-05
4.60631e-05
6.95051e-05
0.000102926
0.000149795
0.000214519
0.000302634
0.000420997
0.000578006
0.000783836
0.00105068
0.00139299
0.00182777
0.00237479
0.00305687
0.0039001
0.00493407
0.00619209
0.00771134
0.00953303
0.0117025
0.0142691
0.0172866
0.0208128
0.0249095
0.0296423
0.0350805
0.0412968
0.0483669
0.0563691
0.0653839
0.0754938
0.0867822
0.0993334
0.113232
0.128561
0.145405
0.163844
0.183959
0.205825
0.229517
0.255105
0.282655
0.312231
0.34389
0.377688
0.413674
0.451895
0.492393
0.535209
0.58038
0.627945
0.677941
0.730408
0.785392
0.842948
0.903141
0.966057
1.0318
1.10053
1.17242
1.24773
1.32681
1.41009
1.49815
1.59173
1.69166
1.7988
1.91371
2.03608
2.16402
2.16402
0
0
9.75433e-27
1.2534e-24
1.01782e-22
5.62525e-21
2.2169e-19
6.43636e-18
1.41015e-16
2.37495e-15
3.12069e-14
3.23965e-13
2.68743e-12
1.80164e-11
9.88158e-11
4.49818e-10
1.72874e-09
5.72155e-09
1.6659e-08
4.35636e-08
1.04183e-07
2.31235e-07
4.81866e-07
9.51463e-07
1.79314e-06
3.24448e-06
5.66315e-06
9.57346e-06
1.57256e-05
2.51698e-05
3.93471e-05
6.01988e-05
9.02966e-05
0.000132993
0.000192595
0.000274561
0.000385718
0.000534503
0.000731218
0.000988315
0.00132067
0.00174591
0.00228469
0.00296099
0.00380245
0.00484063
0.00611124
0.00765444
0.00951498
0.0117424
0.0143911
0.0175204
0.0211946
0.0254829
0.0304591
0.0362016
0.0427933
0.0503206
0.0588739
0.0685463
0.0794337
0.0916339
0.105246
0.120371
0.137108
0.155556
0.175815
0.197981
0.222147
0.248405
0.276842
0.30754
0.340579
0.376031
0.413967
0.454449
0.497536
0.543282
0.591737
0.642946
0.696953
0.753798
0.813524
0.876174
0.941795
1.01044
1.08218
1.1571
1.23529
1.3169
1.4021
1.4911
1.5842
1.68174
1.78415
1.89191
2.00551
2.12532
2.25139
2.38318
2.51928
2.51928
0
0
5.6374e-26
6.39621e-24
4.62748e-22
2.2956e-20
8.17044e-19
2.15331e-17
4.30117e-16
6.6295e-15
8.00003e-14
7.65284e-13
5.87071e-12
3.65434e-11
1.87015e-10
7.99088e-10
2.9033e-09
9.15617e-09
2.56052e-08
6.47687e-08
1.50707e-07
3.26949e-07
6.68354e-07
1.29826e-06
2.41249e-06
4.31193e-06
7.44589e-06
1.24681e-05
2.03079e-05
3.22587e-05
5.00859e-05
7.61568e-05
0.000113593
0.00016645
0.000239917
0.000340549
0.000476521
0.000657905
0.000896973
0.00120851
0.00161017
0.00212278
0.00277072
0.00358227
0.00458994
0.00583079
0.0073467
0.00918469
0.0113971
0.0140418
0.0171823
0.0208876
0.0252327
0.030298
0.0361692
0.0429375
0.0506987
0.0595533
0.0696056
0.0809637
0.0937384
0.108043
0.123991
0.141699
0.161282
0.182855
0.206532
0.232422
0.260635
0.291275
0.324441
0.360229
0.398729
0.440026
0.484197
0.531316
0.581448
0.634655
0.690991
0.750508
0.813252
0.879269
0.9486
1.02129
1.09739
1.17694
1.26002
1.34669
1.43705
1.53122
1.62934
1.73159
1.83819
1.9494
2.06551
2.18679
2.3135
2.44574
2.58336
2.7258
2.87205
2.87205
0
0
2.89992e-25
2.93432e-23
1.90687e-21
8.54935e-20
2.76416e-18
6.64628e-17
1.21572e-15
1.72168e-14
1.91492e-13
1.69375e-12
1.20561e-11
6.99206e-11
3.35087e-10
1.34917e-09
4.65283e-09
1.40374e-08
3.78367e-08
9.28518e-08
2.10704e-07
4.47626e-07
8.98968e-07
1.71995e-06
3.15449e-06
5.57408e-06
9.52909e-06
1.58149e-05
2.55551e-05
4.03052e-05
6.21777e-05
9.39926e-05
0.000139454
0.000203353
0.000291806
0.000412508
0.000575032
0.00079114
0.00107513
0.00144418
0.00191876
0.00252298
0.00328501
0.00423746
0.00541775
0.00686848
0.00863774
0.0107794
0.0133535
0.016426
0.0200695
0.024363
0.0293916
0.035247
0.0420268
0.0498345
0.058779
0.0689743
0.0805388
0.0935948
0.108268
0.124686
0.142978
0.163275
0.185708
0.210406
0.237496
0.267104
0.299351
0.334356
0.37223
0.41308
0.457008
0.504108
0.554466
0.608165
0.665277
0.725869
0.790002
0.857731
0.929105
1.00417
1.08297
1.16555
1.25195
1.34222
1.43642
1.53461
1.63686
1.74327
1.85396
1.96905
2.08871
2.21311
2.34242
2.4768
2.61632
2.76096
2.91048
3.06441
3.222
3.222
0
0
1.34762e-24
1.22611e-22
7.20631e-21
2.93709e-19
8.66981e-18
1.91024e-16
3.21229e-15
4.19462e-14
4.3143e-13
3.53964e-12
2.34522e-11
1.27147e-10
5.72646e-10
2.18086e-09
7.16654e-09
2.07598e-08
5.41073e-08
1.29154e-07
2.86422e-07
5.96852e-07
1.17917e-06
2.22453e-06
4.03042e-06
7.04624e-06
1.19329e-05
1.96394e-05
3.14986e-05
4.93462e-05
7.56637e-05
0.00011375
0.000167919
0.000243738
0.00034828
0.000490429
0.000681197
0.000934087
0.00126547
0.00169497
0.00224593
0.0029458
0.00382656
0.00492521
0.00628411
0.00795143
0.00998147
0.012435
0.0153795
0.0188894
0.0230462
0.0279384
0.0336617
0.0403187
0.0480186
0.0568773
0.0670164
0.0785632
0.0916498
0.106413
0.122991
0.141529
0.162169
0.185057
0.210337
0.238154
0.26865
0.301962
0.338227
0.377574
0.420127
0.466005
0.515319
0.568172
0.624662
0.684875
0.748893
0.816788
0.888624
0.96446
1.04435
1.12833
1.21646
1.30876
1.40529
1.50608
1.61118
1.72063
1.8345
1.95286
2.07579
2.20337
2.33572
2.47293
2.61508
2.76225
2.91441
3.07147
3.23318
3.39912
3.56876
3.56876
0
0
5.72321e-24
4.71439e-22
2.52065e-20
9.38619e-19
2.54065e-17
5.14952e-16
7.98866e-15
9.64946e-14
9.20569e-13
7.02662e-12
4.34677e-11
2.21012e-10
9.38715e-10
3.39395e-09
1.06664e-08
2.97682e-08
7.52397e-08
1.751e-07
3.80192e-07
7.7826e-07
1.51439e-06
2.81977e-06
5.05104e-06
8.74276e-06
1.46757e-05
2.39643e-05
3.81653e-05
5.94121e-05
9.05761e-05
0.000135459
0.000199016
0.000287615
0.00040933
0.000574265
0.000794918
0.00108657
0.00146772
0.00196048
0.0025911
0.00339041
0.00439426
0.00564404
0.0071871
0.00907718
0.0113748
0.0141476
0.0174706
0.0214264
0.0261053
0.0316057
0.0380332
0.0455014
0.0541311
0.06405
0.0753926
0.088299
0.102915
0.11939
0.137879
0.158538
0.181526
0.207001
0.235123
0.26605
0.299936
0.336935
0.377193
0.420853
0.468051
0.518915
0.573566
0.632118
0.694674
0.76133
0.832173
0.907278
0.986715
1.07054
1.15882
1.25158
1.34888
1.45075
1.55722
1.66832
1.7841
1.90458
2.02981
2.15983
2.2947
2.43446
2.57916
2.72887
2.88359
3.04333
3.20801
3.37751
3.55158
3.72988
3.912
3.912
0
0
2.24195e-23
1.68181e-21
8.22139e-20
2.80924e-18
6.99964e-17
1.30959e-15
1.88012e-14
2.10685e-13
1.86959e-12
1.33139e-11
7.7126e-11
3.68936e-10
1.48283e-09
5.10789e-09
1.54064e-08
4.15537e-08
1.02115e-07
2.32176e-07
4.94393e-07
9.95477e-07
1.90992e-06
3.51312e-06
6.2264e-06
1.06767e-05
1.7774e-05
2.88094e-05
4.55776e-05
7.05266e-05
0.000106938
0.000159139
0.000232751
0.000334976
0.000474917
0.000663936
0.000916054
0.00124837
0.00168154
0.00224021
0.00295359
0.00385589
0.00498688
0.00639236
0.00812468
0.0102431
0.0128145
0.0159132
0.0196217
0.0240308
0.0292398
0.0353562
0.042496
0.0507834
0.0603505
0.071337
0.0838895
0.098161
0.11431
0.132501
0.152901
0.17568
0.201011
0.229066
0.260019
0.294041
0.3313
0.371961
0.416184
0.464122
0.515922
0.571724
0.631658
0.695846
0.764398
0.837417
0.914994
0.99721
1.08414
1.17584
1.27237
1.37377
1.48008
1.59133
1.70756
1.82878
1.95501
2.08629
2.22262
2.36404
2.51057
2.66222
2.819
2.98093
3.14799
3.32011
3.49721
3.67914
3.86568
4.05653
4.25137
4.25137
0
0
8.16272e-23
5.60451e-21
2.51581e-19
7.91866e-18
1.82244e-16
3.1571e-15
4.20645e-14
4.38487e-13
3.62893e-12
2.41759e-11
1.31522e-10
5.93752e-10
2.26579e-09
7.46174e-09
2.16701e-08
5.66476e-08
1.35662e-07
3.01908e-07
6.31409e-07
1.25206e-06
2.37086e-06
4.31158e-06
7.56577e-06
1.28599e-05
2.12418e-05
3.41908e-05
5.37529e-05
8.27068e-05
0.000124762
0.000184795
0.000269117
0.00038579
0.000544977
0.000759329
0.00104442
0.00141921
0.00190653
0.00253362
0.00333263
0.00434124
0.0056031
0.00716847
0.00909467
0.0114466
0.0142972
0.0177276
0.0218279
0.0266968
0.0324424
0.0391814
0.04704
0.0561529
0.0666632
0.0787223
0.0924889
0.108129
0.125813
0.145719
0.168026
0.192921
0.220586
0.251211
0.28498
0.322077
0.362685
0.406979
0.455132
0.507308
0.563664
0.624351
0.689506
0.759259
0.833729
0.913024
0.99724
1.08646
1.18076
1.28021
1.38486
1.49474
1.6099
1.73037
1.85615
1.98728
2.12376
2.2656
2.4128
2.56536
2.72328
2.88656
3.05517
3.22909
3.40826
3.59261
3.78202
3.97634
4.17537
4.37887
4.58656
4.58656
0
0
2.77994e-22
1.75465e-20
7.26045e-19
2.11223e-17
4.50382e-16
7.24441e-15
8.9813e-14
8.73095e-13
6.75591e-12
4.22152e-11
2.16289e-10
9.24331e-10
3.35999e-09
1.06134e-08
2.97682e-08
7.56139e-08
1.76839e-07
3.85839e-07
7.93595e-07
1.55146e-06
2.90202e-06
5.22162e-06
9.07742e-06
1.53023e-05
2.50911e-05
4.01215e-05
6.27038e-05
9.59626e-05
0.000144054
0.000212421
0.00030809
0.000440007
0.00061942
0.0008603
0.0011798
0.00159877
0.00214225
0.00284008
0.00372741
0.00484536
0.00624151
0.00797056
0.0100948
0.0126847
0.0158193
0.0195866
0.0240839
0.0294181
0.0357056
0.0430727
0.0516551
0.0615979
0.0730554
0.0861901
0.101173
0.118181
0.137399
0.159016
0.183227
0.210227
0.240217
0.273395
0.30996
0.35011
0.394037
0.441931
0.493974
0.550342
0.611202
0.676712
0.747021
0.822265
0.902569
0.988047
1.0788
1.17491
1.27647
1.38353
1.49614
1.61436
1.7382
1.86769
2.00285
2.14369
2.29019
2.44236
2.60018
2.76365
2.93272
3.10738
3.28757
3.47325
3.66435
3.86076
4.06236
4.269
4.4805
4.69665
4.91721
4.91721
0
0
8.90399e-22
5.18628e-20
1.98487e-18
5.35339e-17
1.06047e-15
1.58786e-14
1.83613e-13
1.66852e-12
1.21004e-11
7.11008e-11
3.44028e-10
1.39602e-09
4.84927e-09
1.4738e-08
4.0034e-08
9.90416e-08
2.26622e-07
4.85498e-07
9.83241e-07
1.89693e-06
3.50787e-06
6.24905e-06
1.07686e-05
1.80127e-05
2.93311e-05
4.66106e-05
7.24376e-05
0.000110297
0.000164808
0.000241999
0.00034963
0.000497556
0.000698133
0.000966674
0.00132194
0.00178669
0.0023882
0.00315893
0.00413704
0.00536709
0.00690063
0.00879676
0.0111228
0.0139546
0.0173774
0.0214859
0.0263846
0.0321884
0.0390222
0.0470212
0.0563309
0.0671067
0.0795133
0.0937246
0.109923
0.128297
0.149045
0.172368
0.198472
0.227567
0.259865
0.295577
0.334916
0.378089
0.425303
0.476758
0.532646
0.593155
0.658461
0.72873
0.80412
0.884773
0.970821
1.06238
1.15956
1.26245
1.37113
1.48566
1.6061
1.73248
1.86483
2.00317
2.14751
2.29784
2.45416
2.61643
2.78465
2.95878
3.13876
3.32456
3.51611
3.71334
3.91616
4.12446
4.33812
4.55698
4.78087
5.00962
5.24302
5.24302
0
0
2.69469e-21
1.45336e-19
5.16014e-18
1.29377e-16
2.38695e-15
3.33471e-14
3.60478e-13
3.06892e-12
2.09078e-11
1.15814e-10
5.30677e-10
2.0508e-09
6.82839e-09
2.00263e-08
5.28192e-08
1.27535e-07
2.85988e-07
6.02383e-07
1.20253e-06
2.29152e-06
4.19243e-06
7.39896e-06
1.26454e-05
2.09976e-05
3.39686e-05
5.36635e-05
8.29567e-05
0.000125706
0.000187009
0.000273498
0.000393684
0.000558348
0.000780978
0.00107825
0.00147056
0.00198257
0.00264385
0.00348944
0.00456057
0.00590523
0.0075789
0.0096451
0.0121761
0.0152532
0.0189677
0.0234209
0.0287246
0.0350014
0.0423845
0.0510182
0.0610573
0.0726673
0.0860233
0.10131
0.118721
0.138458
0.160729
0.185748
0.213734
0.244908
0.279495
0.31772
0.359804
0.40597
0.456433
0.511405
0.571089
0.635683
0.705371
0.780328
0.86072
0.946695
1.03839
1.13593
1.23943
1.34897
1.46463
1.58649
1.71459
1.84898
1.98966
2.13666
2.28998
2.44961
2.61552
2.78768
2.96606
3.15061
3.34128
3.53799
3.74067
3.94924
4.16358
4.38359
4.60914
4.84008
5.07626
5.3175
5.56365
5.56365
0
0
7.73703e-21
3.87566e-19
1.28003e-17
2.99079e-16
5.15082e-15
6.72871e-14
6.81393e-13
5.44645e-12
3.49361e-11
1.82885e-10
7.95752e-10
2.93722e-09
9.40203e-09
2.66815e-08
6.84878e-08
1.61703e-07
3.55898e-07
7.37932e-07
1.45351e-06
2.738e-06
4.95928e-06
8.6757e-06
1.47127e-05
2.42621e-05
3.90077e-05
6.12821e-05
9.42583e-05
0.00014218
0.000210636
0.000306876
0.000440182
0.000622278
0.000867799
0.0011948
0.00162533
0.00218598
0.0029086
0.00383086
0.004997
0.0064585
0.00827471
0.0105136
0.0132522
0.0165775
0.0205866
0.0253873
0.0310987
0.0378507
0.0457852
0.0550549
0.0658241
0.0782678
0.0925717
0.108931
0.127551
0.148643
0.172428
0.199131
0.228984
0.262219
0.299074
0.339783
0.384582
0.433704
0.487374
0.545816
0.609243
0.67786
0.751862
0.831432
0.916741
1.00795
1.10519
1.2086
1.31829
1.43435
1.55687
1.68591
1.82151
1.96373
2.11257
2.26804
2.43014
2.59885
2.77413
2.95596
3.14428
3.33903
3.54014
3.74753
3.96111
4.1808
4.40646
4.63799
4.87526
5.11812
5.36643
5.62003
5.87879
5.87879
0
0
2.11511e-20
9.86713e-19
3.03887e-17
6.63165e-16
1.06838e-14
1.30767e-13
1.24301e-12
9.34755e-12
5.658e-11
2.80596e-10
1.16247e-09
4.11002e-09
1.26835e-08
3.49165e-08
8.74108e-08
2.0215e-07
4.37283e-07
8.93501e-07
1.73805e-06
3.23882e-06
5.81145e-06
1.00827e-05
1.69741e-05
2.78092e-05
4.44498e-05
6.94646e-05
0.000106335
0.000159701
0.000235656
0.000342082
0.000489043
0.000689222
0.000958418
0.00131608
0.00178591
0.00239646
0.00318184
0.00418237
0.00544532
0.00702558
0.00898642
0.0114001
0.0143487
0.0179244
0.0222302
0.0273806
0.0335013
0.0407301
0.0492167
0.0591226
0.070621
0.0838967
0.0991452
0.116572
0.136393
0.158832
0.184119
0.212493
0.244194
0.279469
0.318566
0.36173
0.40921
0.461246
0.518079
0.579938
0.647048
0.719624
0.797867
0.881969
0.972108
1.06845
1.17113
1.28029
1.39605
1.5185
1.64772
1.78379
1.92674
2.07661
2.23342
2.39717
2.56785
2.74543
2.92988
3.12114
3.31917
3.52388
3.7352
3.95304
4.1773
4.40787
4.64464
4.88749
5.13628
5.39087
5.65114
5.91693
6.18812
6.18812
0
0
5.52277e-20
2.40529e-18
6.92309e-17
1.41398e-15
2.13506e-14
2.4531e-13
2.19299e-12
1.55467e-11
8.89935e-11
4.1913e-10
1.6577e-09
5.62954e-09
1.6793e-08
4.49507e-08
1.0996e-07
2.49467e-07
5.31025e-07
1.07034e-06
2.05784e-06
3.79611e-06
6.75142e-06
1.16227e-05
1.94319e-05
3.16401e-05
5.02938e-05
7.82056e-05
0.000119174
0.000178247
0.000262031
0.000379053
0.000540173
0.000759044
0.00105264
0.00144182
0.00195194
0.00261352
0.00346294
0.00454316
0.00590444
0.00760513
0.00971233
0.0123027
0.015463
0.0192907
0.0238949
0.0293961
0.0359271
0.0436331
0.0526716
0.0632126
0.0754382
0.0895424
0.105731
0.124219
0.145232
0.169006
0.195782
0.225808
0.259338
0.296629
0.337938
0.383525
0.433646
0.488554
0.548498
0.61372
0.684451
0.760914
0.843321
0.93187
1.02674
1.12811
1.23613
1.35092
1.47262
1.60132
1.7371
1.88003
2.03015
2.18751
2.3521
2.52393
2.70298
2.88922
3.08261
3.28309
3.49058
3.70503
3.92632
4.15437
4.38907
4.63031
4.87796
5.1319
5.392
5.65812
5.93014
6.20793
6.49135
6.49135
0
0
1.38126e-19
5.62865e-18
1.51715e-16
2.90556e-15
4.11948e-14
4.45103e-13
3.74907e-12
2.51049e-11
1.362e-10
6.10649e-10
2.31176e-09
7.56089e-09
2.1856e-08
5.70062e-08
1.365e-07
3.04218e-07
6.3795e-07
1.26959e-06
2.41434e-06
4.41162e-06
7.78109e-06
1.32973e-05
2.2087e-05
3.57542e-05
5.6536e-05
8.74961e-05
0.000132759
0.000197787
0.000289714
0.000417719
0.000593467
0.000831594
0.00115026
0.00157172
0.00212302
0.00283664
0.00375122
0.00491234
0.00637328
0.00819576
0.0104507
0.0132191
0.0165924
0.0206734
0.0255768
0.0314294
0.0383709
0.0465535
0.0561425
0.0673163
0.0802655
0.0951934
0.112315
0.131855
0.154051
0.179146
0.207394
0.239054
0.274389
0.313668
0.357159
0.405131
0.457852
0.515585
0.578587
0.64711
0.721395
0.801672
0.888161
0.981067
1.08058
1.18687
1.3001
1.4204
1.54791
1.68271
1.82489
1.97452
2.13165
2.2963
2.46848
2.64819
2.83541
3.0301
3.2322
3.44166
3.6584
3.88233
4.11336
4.35138
4.59628
4.84793
5.10623
5.37103
5.64221
5.91964
6.20319
6.49274
6.78818
6.78818
0
0
3.31732e-19
1.26741e-17
3.2051e-16
5.76587e-15
7.68886e-14
7.82592e-13
6.22178e-12
3.94298e-11
2.03181e-10
8.69285e-10
3.15808e-09
9.97299e-09
2.8001e-08
7.13036e-08
1.67386e-07
3.66936e-07
7.58807e-07
1.49224e-06
2.80876e-06
5.0867e-06
8.90174e-06
1.51073e-05
2.49392e-05
4.01489e-05
6.31701e-05
9.7324e-05
0.000147068
0.000218288
0.000318651
0.000457999
0.00064881
0.000906709
0.00125104
0.00170549
0.00229877
0.00306529
0.00404599
0.00528905
0.00685072
0.00879608
0.0111999
0.0141472
0.0177344
0.0220693
0.0272722
0.0334761
0.0408272
0.049485
0.0596223
0.0714253
0.0850934
0.100839
0.118885
0.139467
0.162832
0.189234
0.218935
0.252206
0.289321
0.330558
0.376196
0.426514
0.48179
0.542296
0.608299
0.68006
0.757828
0.841842
0.932326
1.02949
1.13354
1.24464
1.36297
1.48865
1.62182
1.76258
1.91101
2.06717
2.23113
2.40289
2.58246
2.76985
2.96502
3.16793
3.37852
3.59673
3.82247
4.05564
4.29616
4.5439
4.79875
5.06058
5.32927
5.60469
5.88671
6.1752
6.47003
6.7711
7.0783
7.0783
0
0
7.6681e-19
2.75187e-17
6.54033e-16
1.10702e-14
1.39071e-13
1.3356e-12
1.00399e-11
6.03324e-11
2.95926e-10
1.21105e-09
4.23274e-09
1.29374e-08
3.53572e-08
8.8059e-08
2.02953e-07
4.38109e-07
8.94263e-07
1.73913e-06
3.24207e-06
5.8223e-06
1.0114e-05
1.70527e-05
2.79869e-05
4.482e-05
7.01875e-05
0.000107674
0.000162075
0.00023971
0.000348783
0.000499806
0.000706077
0.000984216
0.00135476
0.00184281
0.00247874
0.00329893
0.00434656
0.00567239
0.00733562
0.00940468
0.011958
0.015085
0.0188864
0.0234752
0.0289773
0.0355316
0.0432909
0.0524214
0.0631036
0.0755313
0.0899122
0.106467
0.125428
0.147041
0.17156
0.199251
0.230385
0.265243
0.304109
0.347271
0.395019
0.44764
0.505422
0.568648
0.637592
0.712523
0.793699
0.881367
0.975757
1.07709
1.18556
1.30136
1.42465
1.55558
1.69427
1.84083
1.99535
2.15788
2.32847
2.50715
2.69393
2.88878
3.09168
3.30259
3.52144
3.74816
3.98265
4.22483
4.47458
4.73179
4.99633
5.26808
5.54691
5.83268
6.12528
6.42456
6.73043
7.04275
7.36144
7.36144
0
0
1.70954e-18
5.77267e-17
1.29148e-15
2.05989e-14
2.44161e-13
2.21601e-12
1.57777e-11
9.00747e-11
4.21449e-10
1.65367e-09
5.57387e-09
1.65273e-08
4.40526e-08
1.0748e-07
2.43514e-07
5.18177e-07
1.04489e-06
2.01093e-06
3.71498e-06
6.61897e-06
1.1418e-05
1.91325e-05
3.12272e-05
4.97615e-05
7.75773e-05
0.000118528
0.000177753
0.000262008
0.000380044
0.000543046
0.000765136
0.00106393
0.00146116
0.00198335
0.00266252
0.00353699
0.00465219
0.00606143
0.00782684
0.0100201
0.0127235
0.0160302
0.0200457
0.0248881
0.0306884
0.0375916
0.0457567
0.0553568
0.0665794
0.0796261
0.0947125
0.112068
0.131933
0.154562
0.180219
0.209179
0.241724
0.278143
0.318729
0.363781
0.413598
0.468477
0.528714
0.594601
0.666422
0.744453
0.828959
0.920194
1.0184
1.12379
1.23658
1.35696
1.48509
1.62112
1.76519
1.91739
2.07782
2.24654
2.42359
2.609
2.80276
3.00487
3.21529
3.43396
3.66083
3.89582
4.13882
4.38974
4.64847
4.91488
5.18885
5.47025
5.75894
6.05481
6.3577
6.66751
6.98412
7.30742
7.63732
7.63732
0
0
3.68284e-18
1.17201e-16
2.47189e-15
3.72063e-14
4.16709e-13
3.57978e-12
2.41813e-11
1.31404e-10
5.87748e-10
2.21629e-09
7.22104e-09
2.08159e-08
5.42117e-08
1.29761e-07
2.89353e-07
6.07524e-07
1.21116e-06
2.30817e-06
4.2279e-06
7.47682e-06
1.28131e-05
2.13449e-05
3.4656e-05
5.49659e-05
8.53265e-05
0.000129864
0.000194068
0.000285134
0.000412363
0.000587618
0.000825848
0.00114567
0.00157
0.00212676
0.00284965
0.00377891
0.00496216
0.00645528
0.00832324
0.010641
0.0134944
0.0169808
0.0212099
0.0263048
0.0324019
0.0396518
0.0482196
0.0582851
0.0700428
0.0837017
0.0994851
0.11763
0.138387
0.162017
0.188795
0.219003
0.252933
0.290883
0.333157
0.380061
0.431904
0.488992
0.551631
0.620119
0.694749
0.775805
0.863559
0.958272
1.06019
1.16954
1.28653
1.41136
1.5442
1.6852
1.83448
1.99217
2.15835
2.33307
2.51639
2.70832
2.90887
3.11801
3.33571
3.56193
3.79657
4.03958
4.29083
4.55024
4.81768
5.09302
5.37615
5.66692
5.9652
6.27086
6.58378
6.90382
7.23088
7.56486
7.90566
7.90566
0
0
7.67988e-18
2.30671e-16
4.59289e-15
6.53286e-14
6.92342e-13
5.63805e-12
3.61941e-11
1.8757e-10
8.03735e-10
2.91922e-09
9.21454e-09
2.58754e-08
6.59531e-08
1.55083e-07
3.40723e-07
7.0647e-07
1.39344e-06
2.63116e-06
4.78099e-06
8.39556e-06
1.42982e-05
2.36871e-05
3.82682e-05
6.0424e-05
9.34202e-05
0.00014166
0.000210985
0.000309036
0.000445666
0.000633418
0.000888068
0.00122922
0.001681
0.00227271
0.0030397
0.00402411
0.00527574
0.00685299
0.00882366
0.0112659
0.0142691
0.0179345
0.0223764
0.0277224
0.0341141
0.0417077
0.0506745
0.0612005
0.073487
0.0877502
0.104221
0.123144
0.144778
0.169393
0.197271
0.228704
0.263992
0.303443
0.347369
0.396086
0.44991
0.509156
0.574138
0.645164
0.722533
0.806536
0.897454
0.995551
1.10108
1.21427
1.33535
1.4645
1.60191
1.74773
1.90208
2.06509
2.23683
2.41738
2.60676
2.80502
3.01213
3.22809
3.45285
3.68636
3.92854
4.1793
4.43855
4.70618
4.98205
5.26606
5.55805
5.85791
6.16549
6.48066
6.80329
7.13327
7.47047
7.81481
8.16619
8.16619
0
0
1.55269e-17
4.40775e-16
8.29615e-15
1.1166e-13
1.12127e-12
8.66863e-12
5.29752e-11
2.62317e-10
1.0791e-09
3.78353e-09
1.15947e-08
3.17756e-08
7.93877e-08
1.83606e-07
3.97837e-07
8.15271e-07
1.59197e-06
2.98006e-06
5.37412e-06
9.37451e-06
1.58716e-05
2.61556e-05
4.20575e-05
6.61252e-05
0.000101842
0.000153889
0.000228465
0.000333657
0.000479873
0.000680335
0.000951645
0.0013144
0.0017939
0.00242085
0.0032322
0.004272
0.0055922
0.00725366
0.00932697
0.0118934
0.0150458
0.0188895
0.0235427
0.0291378
0.0358215
0.0437554
0.0531165
0.0640972
0.0769054
0.0917641
0.108911
0.1286
0.151095
0.176677
0.205634
0.238267
0.274885
0.315804
0.361345
0.411831
0.467587
0.528939
0.596205
0.669701
0.749736
0.836606
0.930598
1.03198
1.14102
1.25795
1.38298
1.51633
1.65816
1.80865
1.96791
2.13606
2.31319
2.49937
2.69463
2.89899
3.11246
3.33501
3.56659
3.80715
4.05661
4.31488
4.58185
4.85742
5.14145
5.43383
5.7344
6.04305
6.35962
6.684
7.01604
7.35563
7.70266
8.05703
8.41867
8.41867
0
0
3.04798e-17
8.18849e-16
1.45872e-14
1.86013e-13
1.77229e-12
1.30272e-11
7.59132e-11
3.59856e-10
1.42417e-09
4.83069e-09
1.4401e-08
3.85827e-08
9.46166e-08
2.15473e-07
4.60872e-07
9.34112e-07
1.80689e-06
3.35484e-06
6.00691e-06
1.04126e-05
1.75309e-05
2.87463e-05
4.60167e-05
7.20579e-05
0.000110572
0.000166524
0.000246468
0.00035894
0.000514901
0.000728255
0.00101642
0.00140099
0.00190842
0.00257081
0.00342671
0.004522
0.0059108
0.00765637
0.00983203
0.0125222
0.015823
0.0198435
0.0247063
0.0305481
0.0375206
0.0457906
0.0555409
0.0669698
0.0802915
0.0957359
0.113548
0.133987
0.157328
0.183856
0.213869
0.247676
0.285593
0.327945
0.375061
0.427272
0.484911
0.548311
0.617799
0.693697
0.77632
0.865973
0.962948
1.06752
1.17996
1.3005
1.42937
1.56677
1.71289
1.86788
2.03189
2.20501
2.38735
2.57896
2.77989
2.99016
3.20975
3.43865
3.67681
3.92418
4.18066
4.44617
4.7206
5.00383
5.29573
5.59619
5.90504
6.22217
6.54743
6.88069
7.22182
7.5707
7.92723
8.2913
8.66284
8.66284
0
0
5.8174e-17
1.48086e-15
2.49982e-14
3.02386e-13
2.73718e-12
1.91573e-11
1.06629e-10
4.84811e-10
1.84971e-09
6.08215e-09
1.76717e-08
4.63584e-08
1.1173e-07
2.50801e-07
5.29962e-07
1.06311e-06
2.03824e-06
3.7553e-06
6.6787e-06
1.15083e-05
1.92733e-05
3.14542e-05
5.01374e-05
7.82089e-05
0.000119592
0.000179534
0.00026495
0.000384823
0.000550667
0.000777063
0.00108225
0.00148879
0.0020243
0.00272225
0.00362276
0.00477354
0.00623081
0.0080602
0.0103377
0.0131507
0.0165988
0.0207946
0.0258648
0.0319504
0.0392079
0.0478095
0.057943
0.0698127
0.0836391
0.0996583
0.118122
0.139297
0.163465
0.190918
0.221963
0.256916
0.2961
0.339849
0.388498
0.442387
0.501856
0.567246
0.63889
0.717118
0.802251
0.8946
0.994463
1.10212
1.21785
1.34188
1.47445
1.61578
1.76603
1.92538
2.09395
2.27187
2.45923
2.65608
2.86247
3.07842
3.30391
3.53893
3.78343
4.03734
4.30058
4.57306
4.85466
5.14527
5.44475
5.75298
6.06982
6.39511
6.72874
7.07056
7.42045
7.77828
8.14395
8.51737
8.89846
8.89846
0
0
1.0809e-16
2.61016e-15
4.18008e-14
4.80215e-13
4.13514e-12
2.75978e-11
1.46969e-10
6.4215e-10
2.3667e-09
7.55897e-09
2.14429e-08
5.51583e-08
1.30805e-07
2.89684e-07
6.05197e-07
1.2023e-06
2.2859e-06
4.18106e-06
7.38859e-06
1.26599e-05
2.10957e-05
3.42737e-05
5.44108e-05
8.45643e-05
0.00012888
0.00019289
0.000283867
0.000411242
0.000587083
0.000826639
0.00114896
0.00157758
0.00214126
0.0028748
0.00381989
0.00502605
0.00655151
0.00846426
0.0108429
0.0137778
0.0173717
0.0217408
0.0270158
0.0333419
0.0408803
0.0498079
0.0603181
0.0726207
0.0869419
0.103524
0.122626
0.144521
0.169496
0.197852
0.229903
0.265971
0.306389
0.351496
0.401634
0.457153
0.518398
0.585716
0.659449
0.739933
0.827494
0.92245
1.0251
1.13574
1.25464
1.38204
1.51819
1.66328
1.81752
1.98106
2.15404
2.33657
2.52875
2.73064
2.94228
3.16368
3.39485
3.63574
3.88632
4.14652
4.41625
4.69542
4.98391
5.28161
5.58837
5.90407
6.22856
6.56171
6.90338
7.25342
7.61172
7.97816
8.35262
8.73503
9.12529
9.12529
0
0
1.95745e-16
4.48904e-15
6.82761e-14
7.45801e-13
6.11716e-12
3.89878e-11
1.98988e-10
8.37093e-10
2.98616e-09
9.2814e-09
2.57477e-08
6.50315e-08
1.51905e-07
3.32189e-07
6.86623e-07
1.35167e-06
2.54969e-06
4.63159e-06
8.13543e-06
1.38651e-05
2.29941e-05
3.71987e-05
5.88271e-05
9.11092e-05
0.000138414
0.000206558
0.000303173
0.000438135
0.000624059
0.000876864
0.0012164
0.00166716
0.00225902
0.00302811
0.00401766
0.00527893
0.00687219
0.00886767
0.0113466
0.014402
0.01814
0.0226802
0.028157
0.0347199
0.0425344
0.0517823
0.062662
0.0753886
0.0901942
0.107327
0.127052
0.149649
0.175411
0.204647
0.237677
0.274829
0.316445
0.362869
0.414452
0.471549
0.534513
0.603696
0.679449
0.762111
0.852016
0.949486
1.05483
1.16834
1.29029
1.42093
1.56052
1.70924
1.8673
2.03487
2.21207
2.39903
2.59584
2.80256
3.01923
3.24587
3.48246
3.72899
3.9854
4.25163
4.52757
4.81315
5.10824
5.41272
5.72645
6.04931
6.38114
6.72181
7.07118
7.4291
7.79547
8.17015
8.55304
8.94406
9.34313
9.34313
0
0
3.45879e-16
7.54098e-15
1.09044e-13
1.13385e-12
8.8698e-12
5.40667e-11
2.6492e-10
1.07501e-09
3.71891e-09
1.12685e-08
3.06163e-08
7.60195e-08
1.75079e-07
3.78359e-07
7.74244e-07
1.5111e-06
2.82929e-06
5.10619e-06
8.91786e-06
1.51217e-05
2.49646e-05
4.02225e-05
6.33758e-05
9.78277e-05
0.00014817
0.000220504
0.000322819
0.000465434
0.000661507
0.000927615
0.0012844
0.0017573
0.00237731
0.00318184
0.00421562
0.00553165
0.00719214
0.00926955
0.0118476
0.0150221
0.0189022
0.0236109
0.0292862
0.0360817
0.0441672
0.0537289
0.0649702
0.0781115
0.0933902
0.11106
0.131393
0.154673
0.181201
0.211292
0.245271
0.283476
0.326252
0.373951
0.426932
0.485554
0.550178
0.621162
0.698862
0.783623
0.875785
0.975674
1.0836
1.19987
1.32475
1.45852
1.60139
1.7536
1.91533
2.08674
2.268
2.45919
2.66043
2.87177
3.09325
3.32489
3.56668
3.81859
4.08057
4.35255
4.63443
4.92613
5.22752
5.53848
5.85887
6.18856
6.5274
6.87525
7.23198
7.59744
7.9715
8.35406
8.74501
9.14426
9.55174
9.55174
0
0
5.96945e-16
1.23857e-14
1.70453e-13
1.68907e-12
1.2618e-11
7.36704e-11
3.4714e-10
1.36131e-09
4.57536e-09
1.35379e-08
3.60748e-08
8.81558e-08
2.00361e-07
4.28208e-07
8.68016e-07
1.68043e-06
3.12428e-06
5.604e-06
9.73432e-06
1.64268e-05
2.70026e-05
4.33379e-05
6.8046e-05
0.000104703
0.000158125
0.000234696
0.000342759
0.000493073
0.000699335
0.000978772
0.00135281
0.00184781
0.00249585
0.00333562
0.00441333
0.00578363
0.00751067
0.00966906
0.0123449
0.0156368
0.0196567
0.024531
0.0304012
0.0374247
0.0457754
0.0556441
0.0672387
0.0807846
0.0965244
0.114718
0.13564
0.159584
0.186856
0.217775
0.252675
0.291897
0.335795
0.384727
0.439056
0.499149
0.565373
0.63809
0.717662
0.804441
0.898771
1.00098
1.11139
1.2303
1.358
1.49474
1.64077
1.7963
1.96153
2.13664
2.32175
2.51699
2.72245
2.9382
3.16427
3.40068
3.64742
3.90445
4.17173
4.44919
4.73673
5.03425
5.34164
5.65877
5.9855
6.3217
6.66721
7.0219
7.38563
7.75826
8.13966
8.52972
8.92834
9.33543
9.75092
9.75092
0
0
1.00726e-15
1.99084e-14
2.61017e-13
2.46766e-12
1.7627e-11
9.87224e-11
4.48121e-10
1.70134e-09
5.56534e-09
1.61054e-08
4.21453e-08
1.01466e-07
2.27768e-07
4.81726e-07
9.67856e-07
1.85943e-06
3.43417e-06
6.12405e-06
1.0583e-05
1.77774e-05
2.91033e-05
4.65375e-05
7.28263e-05
0.000111719
0.000168255
0.000249097
0.000362943
0.000520986
0.000737452
0.00103021
0.00142146
0.00193846
0.00261438
0.00348913
0.00461035
0.00603434
0.00782711
0.0100654
0.0128375
0.0162448
0.020402
0.0254387
0.0314999
0.0387464
0.0473563
0.0575245
0.0694634
0.0834032
0.0995914
0.118293
0.139788
0.164376
0.192367
0.224088
0.259876
0.300082
0.345062
0.395181
0.450808
0.512316
0.580076
0.654458
0.735826
0.824539
0.920945
1.02538
1.13816
1.2596
1.38998
1.52956
1.6786
1.8373
2.00588
2.18449
2.37328
2.57237
2.78185
3.00178
3.23221
3.47315
3.72458
3.98649
4.2588
4.54146
4.83436
5.13742
5.4505
5.77348
6.10622
6.44859
6.80043
7.16161
7.53198
7.91141
8.29978
8.69696
9.10286
9.51739
9.94049
9.94049
0
0
1.66317e-15
3.13443e-14
3.91896e-13
3.53872e-12
2.42019e-11
1.3022e-10
5.70378e-10
2.10026e-09
6.69788e-09
1.89847e-08
4.88451e-08
1.15965e-07
2.57304e-07
5.38874e-07
1.07364e-06
2.0478e-06
3.75835e-06
6.66522e-06
1.14621e-05
1.91704e-05
3.12617e-05
4.98133e-05
7.77048e-05
0.000118858
0.000178533
0.000263673
0.000383322
0.000549104
0.000775769
0.00108182
0.0014902
0.00202907
0.00273263
0.00364201
0.00480625
0.00628324
0.00814079
0.0104576
0.0133245
0.016845
0.0211368
0.0263324
0.0325801
0.0400444
0.0489069
0.0593667
0.0716405
0.0859629
0.102586
0.12178
0.14383
0.169039
0.197726
0.23022
0.266865
0.308017
0.354037
0.405297
0.462171
0.525035
0.594267
0.670242
0.753329
0.84389
0.942278
1.04883
1.16388
1.28772
1.42065
1.56295
1.71484
1.87656
2.0483
2.23024
2.42252
2.62526
2.83854
3.06245
3.297
3.54223
3.79811
4.06461
4.34169
4.62926
4.92724
5.23552
5.55398
5.88249
6.22091
6.56911
6.92693
7.29424
7.67089
8.05675
8.4517
8.85561
9.26839
9.68995
10.1202
10.1202
0
0
2.68968e-15
4.83781e-14
5.77387e-13
4.98525e-12
3.26864e-11
1.69218e-10
7.1642e-10
2.56296e-09
7.98109e-09
2.21872e-08
5.61869e-08
1.31661e-07
2.88954e-07
5.9959e-07
1.1852e-06
2.24519e-06
4.09614e-06
7.22631e-06
1.23694e-05
2.06025e-05
3.34723e-05
5.31573e-05
8.26694e-05
0.000126103
0.000188935
0.000278387
0.000403848
0.000577362
0.000814195
0.00113347
0.00155887
0.00211942
0.00285034
0.00379395
0.00500063
0.00652982
0.00845107
0.0108451
0.0138047
0.0174361
0.0218596
0.0272104
0.03364
0.0413163
0.0504246
0.0611676
0.0737663
0.0884593
0.105503
0.125173
0.147759
0.173568
0.202924
0.236162
0.273631
0.315691
0.36271
0.415062
0.473128
0.53729
0.607929
0.685424
0.770149
0.862471
0.962745
1.07131
1.18851
1.31464
1.45
1.59485
1.74945
1.91403
2.08877
2.27385
2.46943
2.67561
2.89249
3.12013
3.35858
3.60785
3.86792
4.13876
4.42032
4.71252
5.01527
5.32847
5.65198
5.9857
6.32947
6.68315
7.0466
7.41967
7.80223
8.19414
8.59527
9.00551
9.42477
9.85295
10.29
10.29
0
0
4.26363e-15
7.32575e-14
8.35409e-13
6.90475e-12
4.34588e-11
2.16806e-10
8.88692e-10
3.09393e-09
9.42199e-09
2.57218e-08
6.41784e-08
1.48553e-07
3.22691e-07
6.63787e-07
1.30233e-06
2.45119e-06
4.44679e-06
7.80598e-06
1.33028e-05
2.207e-05
3.57297e-05
5.6561e-05
8.77077e-05
0.000133434
0.000199435
0.000293205
0.00042447
0.000605692
0.000852641
0.00118504
0.00162731
0.00220931
0.00296725
0.00394461
0.00519306
0.00677356
0.00875734
0.011227
0.0142774
0.0180172
0.022569
0.028071
0.0346776
0.0425599
0.0519066
0.0629241
0.0758371
0.0908884
0.108339
0.128467
0.151568
0.177955
0.207954
0.241905
0.280164
0.323093
0.371066
0.424463
0.483666
0.549064
0.621042
0.699983
0.786264
0.880257
0.98232
1.0928
1.21203
1.34032
1.47797
1.62524
1.7824
1.94966
2.12723
2.31528
2.51395
2.72337
2.94363
3.17478
3.41689
3.66994
3.93394
4.20885
4.49461
4.79114
5.09837
5.41617
5.74442
6.08301
6.43178
6.79059
7.15931
7.53778
7.92587
8.32343
8.73036
9.14653
9.57184
10.0062
10.4496
10.4496
0
0
6.62998e-15
1.08917e-13
1.18793e-12
9.40936e-12
5.69267e-11
2.74085e-10
1.08952e-09
3.69724e-09
1.10264e-08
2.95951e-08
7.28226e-08
1.66629e-07
3.58471e-07
7.31354e-07
1.42481e-06
2.66535e-06
4.80946e-06
8.40283e-06
1.426e-05
2.35692e-05
3.80282e-05
6.0016e-05
9.28072e-05
0.000140835
0.000210008
0.00030809
0.00044514
0.000634029
0.000891019
0.00123643
0.00169537
0.00229855
0.00308313
0.00409368
0.00538317
0.00701398
0.00905897
0.0116025
0.0147416
0.018587
0.0232637
0.0289127
0.035691
0.043773
0.0533504
0.0646332
0.0778496
0.0932462
0.111088
0.131657
0.155253
0.182193
0.212807
0.247442
0.286454
0.330213
0.379095
0.433485
0.49377
0.560342
0.633589
0.7139
0.801654
0.897227
1.00098
1.11326
1.23441
1.36473
1.50453
1.65408
1.81364
1.98342
2.16364
2.35446
2.55604
2.76848
2.9919
3.22634
3.47185
3.72844
3.99611
4.2748
4.56448
4.86506
5.17645
5.49853
5.8312
6.17432
6.52775
6.89134
7.26495
7.64845
8.04168
8.44451
8.85683
9.27852
9.70947
10.1496
10.5989
10.5989
0
0
1.01208e-14
1.59107e-13
1.66134e-12
1.26252e-11
7.35196e-11
3.42146e-10
1.32109e-09
4.37641e-09
1.2799e-08
3.38106e-08
8.21171e-08
1.85871e-07
3.96239e-07
8.02161e-07
1.55236e-06
2.88716e-06
5.18329e-06
9.01537e-06
1.52385e-05
2.50965e-05
4.03621e-05
6.35136e-05
9.79553e-05
0.000148287
0.000220629
0.000323008
0.000465811
0.000662307
0.000929244
0.00128752
0.00176292
0.00238695
0.00319771
0.00424086
0.00557056
0.0072506
0.00935538
0.011971
0.0151965
0.0191445
0.0239425
0.0297339
0.0366786
0.0449535
0.0547536
0.066292
0.0798004
0.0955288
0.113746
0.134737
0.158807
0.186276
0.217478
0.252763
0.292493
0.33704
0.386786
0.442117
0.503427
0.571108
0.645555
0.727158
0.8163
0.913359
1.0187
1.13267
1.25561
1.38785
1.52966
1.68134
1.84314
2.01528
2.19796
2.39137
2.59565
2.81091
3.03726
3.27475
3.52343
3.7833
4.05436
4.33657
4.62987
4.93419
5.24943
5.57549
5.91224
6.25955
6.61728
6.98529
7.36343
7.75157
8.14956
8.55726
8.97456
9.40135
9.83752
10.283
10.7377
10.7377
0
0
1.51771e-14
2.28527e-13
2.28665e-12
1.66913e-11
9.36805e-11
4.2204e-10
1.58534e-09
5.13437e-09
1.47429e-08
3.83695e-08
9.2055e-08
2.06252e-07
4.35925e-07
8.76058e-07
1.68469e-06
3.11608e-06
5.56733e-06
9.64206e-06
1.62358e-05
2.66479e-05
4.27254e-05
6.70452e-05
0.000103139
0.000155772
0.000231271
0.000337923
0.000486434
0.000690464
0.000967229
0.00133819
0.00182979
0.00247432
0.00331078
0.00438584
0.00575487
0.00748296
0.00964602
0.0123318
0.0156411
0.0196887
0.0246042
0.0305334
0.0376385
0.0460994
0.0561138
0.0678979
0.0816864
0.0977328
0.116309
0.137704
0.162226
0.190198
0.221959
0.257862
0.298272
0.343566
0.394127
0.450348
0.512623
0.581349
0.656924
0.739739
0.830183
0.928633
1.03546
1.15101
1.27563
1.40964
1.55333
1.70699
1.87087
2.04519
2.23016
2.42596
2.63273
2.8506
3.07966
3.31996
3.57156
3.83445
4.10864
4.39408
4.69072
4.99847
5.31725
5.64695
5.98745
6.33861
6.70029
7.07235
7.45465
7.84704
8.24939
8.66156
9.08343
9.5149
9.95586
10.4062
10.866
10.866
0
0
2.23729e-14
3.2294e-13
3.09957e-12
2.17573e-11
1.17856e-10
5.1476e-10
1.88401e-09
5.97344e-09
1.686e-08
4.32703e-08
1.02625e-07
2.27737e-07
4.77446e-07
9.52876e-07
1.82147e-06
3.35156e-06
5.96062e-06
1.02813e-05
1.72495e-05
2.82195e-05
4.51124e-05
7.0602e-05
0.000108347
0.000163272
0.00024191
0.000352801
0.000506964
0.000718436
0.00100489
0.00138834
0.00189586
0.00256049
0.0034221
0.00452835
0.00593573
0.00771062
0.00993032
0.0126842
0.0160748
0.0202187
0.0252476
0.0313095
0.0385692
0.0472088
0.0574288
0.0694482
0.0835047
0.0998546
0.118773
0.140552
0.165503
0.193953
0.226243
0.26273
0.303783
0.34978
0.40111
0.458166
0.521346
0.591052
0.667681
0.751629
0.843286
0.943032
1.05124
1.16826
1.29443
1.43008
1.57551
1.73099
1.89679
2.07312
2.2602
2.4582
2.66726
2.88751
3.11905
3.36193
3.61619
3.88185
4.15889
4.44727
4.74695
5.05784
5.37984
5.71286
6.05676
6.41142
6.77669
7.15244
7.53852
7.93478
8.34109
8.75732
9.18335
9.61906
10.0644
10.5192
10.9835
10.9835
0
0
3.24409e-14
4.4928e-13
4.1404e-12
2.79815e-11
1.46485e-10
6.21219e-10
2.21854e-09
6.89526e-09
1.91508e-08
4.85087e-08
1.1381e-07
2.50283e-07
5.20711e-07
1.03243e-06
1.96238e-06
3.59298e-06
6.36214e-06
1.09314e-05
1.82769e-05
2.98074e-05
4.75169e-05
7.41753e-05
0.000113565
0.000170771
0.000252522
0.000367609
0.000527353
0.000746163
0.00104216
0.00143786
0.00196098
0.00264528
0.00353145
0.0046681
0.0061128
0.00793314
0.0102078
0.0130276
0.0164966
0.0207334
0.0258716
0.0320612
0.039469
0.0482799
0.0586965
0.0709406
0.0852523
0.101891
0.121134
0.143278
0.168635
0.197536
0.230325
0.267362
0.309018
0.355675
0.407724
0.46556
0.529586
0.600203
0.677812
0.762811
0.855592
0.956537
1.06602
1.18439
1.31199
1.44915
1.59617
1.75333
1.92088
2.09905
2.28804
2.48804
2.69919
2.92161
3.15539
3.40061
3.65728
3.92544
4.20506
4.4961
4.79852
5.11223
5.43714
5.77314
6.12011
6.47791
6.84641
7.22547
7.61494
8.01468
8.42456
8.84443
9.27419
9.71373
10.163
10.6218
11.0902
11.0902
0
0
4.6298e-14
6.15726e-13
5.45372e-12
3.5527e-11
1.79993e-10
7.42226e-10
2.59008e-09
7.90081e-09
2.16144e-08
5.40781e-08
1.2559e-07
2.73843e-07
5.65617e-07
1.11452e-06
2.10705e-06
3.83973e-06
6.77087e-06
1.15908e-05
1.93154e-05
3.14076e-05
4.99333e-05
7.77566e-05
0.000118782
0.000178249
0.000263083
0.000382313
0.000547559
0.000773585
0.00107894
0.00148665
0.00202503
0.00272852
0.00363861
0.00480482
0.00628575
0.00815012
0.0104779
0.0133613
0.016906
0.0212321
0.0264752
0.032787
0.0403366
0.0493109
0.0599149
0.0723725
0.0869266
0.103839
0.123389
0.145876
0.171616
0.200941
0.234199
0.27175
0.31397
0.361243
0.41396
0.472522
0.537331
0.608791
0.687305
0.773273
0.867087
0.969131
1.07978
1.19939
1.3283
1.46683
1.6153
1.77397
1.9431
2.12293
2.31366
2.51546
2.72849
2.95285
3.18866
3.43596
3.69479
3.96518
4.24709
4.54051
4.84537
5.16159
5.48908
5.82773
6.17742
6.53802
6.90939
7.29138
7.68386
8.08668
8.49971
8.92282
9.35589
9.79881
10.2515
10.7139
11.1859
11.1859
0
0
6.50704e-14
8.31741e-13
7.08778e-12
4.45589e-11
2.18775e-10
8.78476e-10
2.99949e-09
8.99036e-09
2.42486e-08
5.99695e-08
1.37942e-07
2.98361e-07
6.12054e-07
1.19895e-06
2.2551e-06
4.09116e-06
7.18575e-06
1.22578e-05
2.03625e-05
3.30162e-05
5.23555e-05
8.13373e-05
0.000123986
0.000185691
0.000273568
0.000396882
0.000567537
0.000800645
0.00111516
0.00153462
0.00208788
0.00281005
0.00374339
0.00493827
0.00645425
0.00836116
0.0107401
0.0136847
0.0173021
0.0217139
0.0270572
0.0334858
0.0411706
0.0503002
0.061082
0.0737419
0.088525
0.105695
0.125535
0.148345
0.174443
0.204164
0.237858
0.275889
0.318633
0.366475
0.419811
0.479042
0.544571
0.616805
0.696147
0.783
0.877755
0.980799
1.0925
1.21323
1.34332
1.48309
1.63286
1.79289
1.96345
2.14476
2.33703
2.54043
2.75512
2.98121
3.21879
3.46794
3.72868
4.00102
4.28496
4.58046
4.88745
5.20587
5.53562
5.87659
6.22865
6.59168
6.96555
7.3501
7.7452
8.15071
8.56648
8.99241
9.42836
9.87423
10.3299
10.7954
11.2706
11.2706
0
0
9.01155e-14
1.10806e-12
9.09379e-12
5.524e-11
2.63193e-10
1.03054e-09
3.44728e-09
1.01635e-08
2.70499e-08
6.61717e-08
1.50836e-07
3.23777e-07
6.59902e-07
1.28548e-06
2.40615e-06
4.34662e-06
7.60571e-06
1.29307e-05
2.14156e-05
3.46292e-05
5.47778e-05
8.49091e-05
0.000129163
0.000193079
0.000283955
0.000411284
0.000587246
0.000827286
0.00115076
0.00158166
0.0021494
0.00288972
0.00384558
0.00506818
0.00661801
0.00856588
0.0109941
0.0139974
0.0176843
0.0221779
0.0276169
0.0341565
0.0419695
0.0512463
0.062196
0.0750466
0.0900451
0.107457
0.127567
0.150679
0.177111
0.2072
0.241299
0.279773
0.322999
0.371365
0.425269
0.485111
0.551297
0.624234
0.704328
0.79198
0.887585
0.991528
1.10418
1.22591
1.35705
1.49792
1.64884
1.81007
1.98188
2.16449
2.35812
2.56292
2.77906
3.00665
3.24578
3.49652
3.7589
4.03294
4.31862
4.6159
4.92473
5.24503
5.57671
5.91965
6.27374
6.63885
7.01484
7.40157
7.7989
8.20669
8.6248
9.05312
9.49152
9.9399
10.3982
10.8663
11.3442
11.3442
0
0
1.23039e-13
1.45663e-12
1.1525e-11
6.7727e-11
3.13564e-10
1.19884e-09
3.93365e-09
1.14193e-08
3.00136e-08
7.26714e-08
1.64244e-07
3.50028e-07
7.09036e-07
1.3739e-06
2.5598e-06
4.60546e-06
8.02968e-06
1.36077e-05
2.24719e-05
3.62428e-05
5.71946e-05
8.84638e-05
0.000134304
0.000200397
0.000294221
0.000425488
0.000606644
0.000853455
0.00118566
0.00162768
0.00220948
0.00296737
0.003945
0.00519434
0.00677672
0.00876394
0.0112393
0.0142988
0.018052
0.0226234
0.0281532
0.034798
0.0427321
0.0521476
0.0632552
0.0762847
0.0914845
0.109122
0.129484
0.152875
0.179616
0.210045
0.244516
0.283396
0.327063
0.375907
0.430325
0.490721
0.5575
0.63107
0.711837
0.800203
0.896563
1.0013
1.1148
1.2374
1.36946
1.5113
1.66321
1.82549
1.99838
2.18212
2.3769
2.5829
2.80028
3.02914
3.26958
3.52167
3.78543
4.06089
4.34802
4.6468
4.95716
5.27902
5.6123
5.95688
6.31265
6.67947
7.05721
7.44574
7.8449
8.25457
8.67461
9.10489
9.54531
9.99576
10.4562
10.9264
11.4066
11.4066
0
0
1.65707e-13
1.89049e-12
1.44355e-11
8.21672e-11
3.70157e-10
1.38366e-09
4.45849e-09
1.27559e-08
3.31338e-08
7.94535e-08
1.78129e-07
3.77044e-07
7.59328e-07
1.46396e-06
2.71565e-06
4.86699e-06
8.45659e-06
1.42872e-05
2.35291e-05
3.78531e-05
5.96002e-05
9.19932e-05
0.000139396
0.00020763
0.000304345
0.000439465
0.000625692
0.000879099
0.00121978
0.00167261
0.002268
0.00304286
0.00404146
0.0053165
0.00693011
0.00895497
0.0114754
0.0145883
0.0184045
0.0230497
0.0286653
0.0354093
0.0434572
0.0530027
0.064258
0.0774542
0.0928413
0.110688
0.131283
0.154931
0.181955
0.212695
0.247505
0.286753
0.33082
0.380094
0.434975
0.495865
0.563171
0.637303
0.718664
0.807658
0.904679
1.01011
1.12433
1.2477
1.38055
1.5232
1.67597
1.83913
2.01293
2.19761
2.39336
2.60036
2.81875
3.04866
3.29018
3.54336
3.80825
4.08485
4.37315
4.67312
4.9847
5.30781
5.64236
5.98824
6.34533
6.7135
7.09262
7.48256
7.88317
8.29431
8.71586
9.14769
9.58969
10.0418
10.5038
10.9758
11.4577
11.4577
0
0
2.20247e-13
2.42361e-12
1.78791e-11
9.86941e-11
4.33183e-10
1.58516e-09
5.02136e-09
1.41711e-08
3.64038e-08
8.65013e-08
1.92457e-07
4.04753e-07
8.10642e-07
1.55544e-06
2.87329e-06
5.13056e-06
8.88537e-06
1.49677e-05
2.45845e-05
3.94563e-05
6.19891e-05
9.54896e-05
0.000144429
0.000214762
0.000314306
0.000453186
0.000644353
0.000904169
0.00125308
0.00171634
0.00232486
0.00311605
0.00413479
0.00543446
0.00707792
0.00913866
0.0117019
0.0148655
0.0187413
0.0234561
0.0291523
0.0359893
0.0441437
0.0538105
0.0652029
0.0785534
0.0941132
0.112153
0.13296
0.156843
0.184125
0.215146
0.250262
0.289841
0.334264
0.383921
0.43921
0.500536
0.568305
0.642924
0.724801
0.814335
0.911922
1.01795
1.13278
1.25678
1.39029
1.53363
1.6871
1.85098
2.02552
2.21095
2.40748
2.61526
2.83446
3.06519
3.30754
3.56157
3.82731
4.10479
4.39398
4.69484
5.00733
5.33137
5.66685
6.01369
6.37175
6.74091
7.12104
7.512
7.91365
8.32586
8.7485
9.18145
9.6246
10.0778
10.5411
11.0143
11.4975
11.4975
0
0
2.89041e-13
3.07062e-12
2.1908e-11
1.17425e-10
5.02798e-10
1.80332e-09
5.62152e-09
1.56621e-08
3.98156e-08
9.37965e-08
2.0719e-07
4.33082e-07
8.62842e-07
1.64808e-06
3.03232e-06
5.3955e-06
9.31497e-06
1.56473e-05
2.56358e-05
4.10489e-05
6.4356e-05
9.89453e-05
0.000149391
0.000221778
0.000324083
0.000466625
0.000662589
0.000928616
0.00128547
0.00175881
0.00237995
0.00318681
0.00422483
0.005548
0.00721988
0.00931469
0.0119184
0.0151299
0.0190618
0.0238419
0.0296136
0.0365372
0.0447906
0.0545695
0.0660884
0.0795807
0.0952986
0.113513
0.134514
0.158609
0.186122
0.217395
0.252782
0.292654
0.33739
0.387382
0.443027
0.504728
0.572893
0.647928
0.730238
0.820225
0.918282
1.02479
1.14013
1.26464
1.39868
1.54256
1.69658
1.86102
2.03612
2.22213
2.41923
2.6276
2.84739
3.07871
3.32165
3.57627
3.84261
4.12068
4.41047
4.71194
5.02503
5.34967
5.68576
6.0332
6.39188
6.76167
7.14242
7.53402
7.93632
8.3492
8.77251
9.20615
9.65001
10.104
10.568
11.042
11.526
11.526
0
0
3.74707e-13
3.84659e-12
2.65716e-11
1.38459e-10
5.79094e-10
2.03801e-09
6.25796e-09
1.72254e-08
4.33606e-08
1.0132e-07
2.22286e-07
4.61953e-07
9.15788e-07
1.74165e-06
3.19234e-06
5.66115e-06
9.74433e-06
1.63245e-05
2.66803e-05
4.26273e-05
6.66958e-05
0.000102353
0.000154273
0.000228664
0.000333656
0.000479755
0.000680366
0.000952394
0.00131692
0.00179993
0.00243317
0.00325502
0.00431143
0.00565695
0.00735577
0.00948278
0.0121247
0.0153811
0.0193655
0.0242065
0.0300483
0.0370522
0.0453968
0.0552787
0.0669132
0.0805345
0.0963955
0.114768
0.135942
0.160226
0.187944
0.219438
0.255063
0.295189
0.340195
0.390473
0.446418
0.508435
0.576929
0.652306
0.73497
0.825321
0.923751
1.03064
1.14636
1.27127
1.4057
1.54998
1.7044
1.86923
2.04473
2.23113
2.42861
2.63736
2.85752
3.0892
3.33249
3.58745
3.85412
4.13252
4.42262
4.72438
5.03777
5.36269
5.69906
6.04677
6.40571
6.77575
7.15676
7.54861
7.95116
8.36429
8.78786
9.22177
9.66589
10.1202
10.5845
11.0588
11.543
11.543
0
0
4.80073e-13
4.76664e-12
3.19151e-11
1.61872e-10
6.62106e-10
2.28894e-09
6.92939e-09
1.88574e-08
4.70294e-08
1.09051e-07
2.37706e-07
4.91288e-07
9.69339e-07
1.83591e-06
3.35292e-06
5.92685e-06
1.01724e-05
1.69978e-05
2.77159e-05
4.41879e-05
6.90034e-05
0.000105705
0.000159064
0.000235406
0.000343008
0.000492551
0.00069765
0.000975459
0.00134734
0.00183963
0.00248444
0.00332056
0.00439443
0.00576111
0.00748535
0.00964265
0.0123204
0.0156187
0.019652
0.0245494
0.0304559
0.0375335
0.0459614
0.055937
0.0676762
0.0814135
0.0974025
0.115915
0.137242
0.161691
0.189588
0.221273
0.257101
0.297442
0.342674
0.393188
0.44938
0.511652
0.580408
0.656053
0.738989
0.829616
0.928321
1.03549
1.15148
1.27666
1.41135
1.55588
1.71055
1.87561
2.05133
2.23793
2.4356
2.64452
2.86483
3.09664
3.34004
3.59509
3.86184
4.14027
4.4304
4.73217
5.04553
5.37041
5.70673
6.05436
6.41321
6.78314
7.16403
7.55574
7.95815
8.37113
8.79454
9.22828
9.67224
10.1263
10.5905
11.0646
11.5487
11.5487
0
0
6.08128e-13
5.84565e-12
3.79785e-11
1.8772e-10
7.51806e-10
2.55571e-09
7.63428e-09
2.05536e-08
5.08122e-08
1.16968e-07
2.53407e-07
5.21009e-07
1.02336e-06
1.93061e-06
3.51369e-06
6.19197e-06
1.05983e-05
1.76656e-05
2.87402e-05
4.57273e-05
7.12739e-05
0.000108996
0.000163755
0.000241991
0.000352119
0.000504988
0.00071441
0.000997769
0.0013767
0.00187784
0.00253365
0.00338332
0.00447369
0.0058603
0.00760841
0.00979403
0.0125051
0.0158424
0.0199207
0.02487
0.0308357
0.0379803
0.0464836
0.0565434
0.068376
0.0822164
0.0983181
0.116953
0.138413
0.163004
0.191052
0.222896
0.258893
0.29941
0.344824
0.395525
0.451909
0.514374
0.583324
0.659163
0.74229
0.833102
0.931986
1.03932
1.15548
1.2808
1.41562
1.56026
1.71501
1.88015
2.05592
2.24253
2.4402
2.64908
2.86932
3.10103
3.3443
3.59919
3.86573
4.14394
4.4338
4.73528
5.04831
5.37284
5.70876
6.05597
6.41437
6.78383
7.16422
7.55542
7.95728
8.36969
8.79253
9.22568
9.66903
10.1225
10.586
11.0596
11.543
11.543
0
0
7.61976e-13
7.09786e-12
4.47957e-11
2.16034e-10
8.48109e-10
2.83778e-09
8.37089e-09
2.23097e-08
5.46982e-08
1.25049e-07
2.69345e-07
5.51036e-07
1.0777e-06
2.02552e-06
3.67424e-06
6.45588e-06
1.10209e-05
1.83264e-05
2.9751e-05
4.72425e-05
7.35026e-05
0.000112217
0.000168336
0.000248406
0.000360974
0.000517043
0.000730614
0.00101929
0.00140494
0.0019145
0.00258073
0.00344318
0.00454908
0.00595438
0.00772475
0.00993669
0.0126786
0.0160517
0.0201714
0.0251678
0.031187
0.0383919
0.0469625
0.057097
0.0690118
0.0829419
0.0991408
0.117881
0.139452
0.164161
0.192333
0.224307
0.260437
0.301089
0.346641
0.39748
0.453999
0.516597
0.585674
0.661631
0.744866
0.835774
0.93474
1.04214
1.15834
1.28368
1.4185
1.56311
1.7178
1.88284
2.05847
2.24492
2.44238
2.65102
2.87097
3.10236
3.34526
3.59973
3.86581
4.14352
4.43283
4.73371
5.04611
5.36995
5.70515
6.0516
6.4092
6.77782
7.15733
7.54762
7.94855
8.35999
8.78184
9.21396
9.65628
10.1087
10.5711
11.0436
11.526
11.526
0
0
9.44772e-13
8.53655e-12
5.23935e-11
2.46823e-10
9.50874e-10
3.13452e-09
9.13727e-09
2.41206e-08
5.86768e-08
1.33272e-07
2.85479e-07
5.81291e-07
1.13223e-06
2.12039e-06
3.83419e-06
6.71796e-06
1.14393e-05
1.89787e-05
3.07461e-05
4.87301e-05
7.56852e-05
0.000115364
0.000172799
0.000254639
0.000369554
0.000528695
0.000746233
0.00103997
0.00143201
0.00194953
0.0026256
0.00350006
0.00462049
0.00604318
0.00783419
0.0100704
0.0128406
0.0162464
0.0204034
0.0254423
0.0315094
0.0387677
0.0473976
0.057597
0.0695826
0.083589
0.0998695
0.118696
0.140357
0.165161
0.193429
0.225501
0.261729
0.302478
0.348123
0.399049
0.455649
0.518317
0.587452
0.663452
0.746714
0.837628
0.936576
1.04393
1.16006
1.28529
1.41998
1.56441
1.71888
1.88366
2.059
2.2451
2.44216
2.65034
2.86979
3.10062
3.3429
3.59671
3.86207
4.13899
4.42747
4.72746
5.03891
5.36175
5.69589
6.04124
6.39769
6.7651
7.14337
7.53237
7.93196
8.34204
8.76247
9.19315
9.63399
10.0849
10.5458
11.0167
11.4975
11.4975
0
0
1.15965e-12
1.01737e-11
6.07915e-11
2.80071e-10
1.05991e-09
3.44519e-09
9.93132e-09
2.59813e-08
6.27365e-08
1.41614e-07
3.01763e-07
6.11694e-07
1.1868e-06
2.21501e-06
3.99317e-06
6.97762e-06
1.18526e-05
1.96213e-05
3.17235e-05
5.01872e-05
7.78171e-05
0.000118429
0.000177134
0.000260679
0.000377846
0.000539923
0.000761241
0.00105978
0.00145786
0.00198289
0.00266818
0.00355386
0.00468778
0.00612656
0.00793655
0.0101949
0.0129908
0.0164261
0.0206166
0.0256932
0.0318024
0.0391073
0.047788
0.0580427
0.0700874
0.0841566
0.100503
0.119398
0.141129
0.166002
0.19434
0.226478
0.262768
0.303573
0.349266
0.40023
0.456853
0.51953
0.588655
0.664624
0.747829
0.838659
0.937491
1.0447
1.16063
1.28564
1.42005
1.56417
1.71827
1.88263
2.05748
2.24305
2.43951
2.64704
2.86577
3.09581
3.33724
3.59012
3.8545
4.13037
4.41772
4.71652
5.02672
5.34824
5.681
6.02491
6.37984
6.7457
7.12235
7.50967
7.90754
8.31583
8.73444
9.16326
9.60219
10.0512
10.5101
10.9789
11.4577
11.4577
0
0
1.40967e-12
1.20196e-11
7.00009e-11
3.15742e-10
1.17497e-09
3.76895e-09
1.07508e-08
2.78864e-08
6.68661e-08
1.50053e-07
3.18156e-07
6.42167e-07
1.2413e-06
2.30914e-06
4.1508e-06
7.23428e-06
1.22599e-05
2.02526e-05
3.26812e-05
5.16108e-05
7.98944e-05
0.000121408
0.000181335
0.000266514
0.000385833
0.000550706
0.000775611
0.00107869
0.00148246
0.00201452
0.00270841
0.00360448
0.00475086
0.00620438
0.00803167
0.0103101
0.013129
0.0165905
0.0208106
0.0259201
0.0320655
0.0394099
0.0481332
0.0584332
0.0705255
0.0846439
0.10104
0.119985
0.141764
0.166683
0.195062
0.227235
0.263552
0.304373
0.350069
0.401019
0.457611
0.520234
0.58928
0.665142
0.748208
0.838862
0.937482
1.04443
1.16007
1.28472
1.41872
1.56237
1.71596
1.87973
2.05393
2.23877
2.43445
2.64111
2.8589
3.08792
3.32826
3.57998
3.8431
4.11765
4.40359
4.70091
5.00955
5.32943
5.66048
6.0026
6.35569
6.71961
7.09427
7.47954
7.87529
8.28141
8.69778
9.12431
9.5609
10.0075
10.464
10.9303
11.4066
11.4066
0
0
1.69769e-12
1.40827e-11
8.00253e-11
3.53776e-10
1.29578e-09
4.10491e-09
1.15933e-08
2.98305e-08
7.10539e-08
1.58565e-07
3.34615e-07
6.72635e-07
1.29557e-06
2.40257e-06
4.30674e-06
7.48738e-06
1.26604e-05
2.08715e-05
3.36172e-05
5.29983e-05
8.1913e-05
0.000124293
0.000185394
0.000272133
0.000393502
0.000561027
0.000789318
0.00109667
0.00150576
0.00204436
0.00274621
0.00365186
0.00480962
0.00627653
0.0081194
0.0104158
0.0132551
0.0167395
0.0209851
0.0261226
0.0322984
0.0396752
0.0484327
0.0587681
0.0708962
0.0850501
0.101481
0.120456
0.142263
0.167203
0.195595
0.227771
0.264079
0.304875
0.350528
0.401415
0.457919
0.520425
0.589324
0.665003
0.747847
0.838236
0.936543
1.04313
1.15835
1.28252
1.41599
1.55903
1.71194
1.87496
2.04834
2.23227
2.42696
2.63255
2.84919
3.07697
3.31598
3.56628
3.82789
4.10084
4.38509
4.68063
4.98741
5.30534
5.63435
5.97435
6.32523
6.68688
7.05918
7.44201
7.83525
8.23879
8.65253
9.07635
9.51017
9.95391
10.4075
10.8709
11.3442
11.3442
0
0
2.02636e-12
1.63693e-11
9.08602e-11
3.94097e-10
1.422e-09
4.4521e-09
1.24564e-08
3.1808e-08
7.52883e-08
1.67127e-07
3.51096e-07
7.03021e-07
1.3495e-06
2.49508e-06
4.46064e-06
7.73638e-06
1.30531e-05
2.14767e-05
3.45297e-05
5.43469e-05
8.38691e-05
0.000127082
0.000189302
0.000277528
0.000400839
0.000570867
0.00080234
0.00111369
0.00152771
0.00207237
0.00278153
0.00369591
0.00486397
0.00634289
0.00819959
0.0105117
0.0133687
0.0168727
0.0211397
0.0263003
0.0325006
0.0399027
0.0486859
0.0590466
0.0711988
0.0853743
0.101823
0.120811
0.142623
0.16756
0.195937
0.228085
0.264346
0.305078
0.350643
0.401416
0.457774
0.520103
0.588785
0.664205
0.746744
0.836778
0.934674
1.04079
1.15547
1.27905
1.41184
1.55413
1.70621
1.86832
2.0407
2.22355
2.41706
2.62138
2.83664
3.06295
3.3004
3.54903
3.80887
4.07995
4.36224
4.65571
4.96031
5.27598
5.60263
5.94017
6.2885
6.64751
7.01709
7.39711
7.78746
8.18803
8.59871
9.01941
9.45004
9.89052
10.3408
10.8008
11.2706
11.2706
0
0
2.39801e-12
1.88836e-11
1.02493e-10
4.36607e-10
1.5533e-09
4.80949e-09
1.33376e-08
3.38133e-08
7.95578e-08
1.75718e-07
3.6756e-07
7.33254e-07
1.40296e-06
2.58647e-06
4.61217e-06
7.98076e-06
1.34374e-05
2.20669e-05
3.5417e-05
5.56542e-05
8.57593e-05
0.000129767
0.000193054
0.000282689
0.000407832
0.000580211
0.000814655
0.00112971
0.0015483
0.00209849
0.0028143
0.00373656
0.00491382
0.00640336
0.00827213
0.0105978
0.0134697
0.01699
0.0212744
0.0264531
0.0326718
0.0400921
0.0488925
0.0592683
0.0714326
0.0856158
0.102066
0.121048
0.142844
0.167753
0.196087
0.228174
0.264354
0.304979
0.350411
0.401018
0.457176
0.519263
0.58766
0.662746
0.744897
0.834485
0.931872
1.03741
1.15145
1.2743
1.40628
1.54768
1.69878
1.85982
2.03102
2.2126
2.40474
2.60758
2.82126
3.04588
3.28152
3.52823
3.78606
4.05499
4.33503
4.62615
4.92828
5.24137
5.56534
5.9001
6.24554
6.60156
6.96804
7.34488
7.73195
8.12916
8.53639
8.95355
9.38056
9.81735
10.2639
10.7201
11.1859
11.1859
0
0
2.81458e-12
2.16273e-11
1.14905e-10
4.81196e-10
1.68927e-09
5.17601e-09
1.42342e-08
3.58407e-08
8.38509e-08
1.84315e-07
3.83965e-07
7.63262e-07
1.45583e-06
2.67653e-06
4.76101e-06
8.22003e-06
1.38124e-05
2.26412e-05
3.62774e-05
5.69177e-05
8.758e-05
0.000132344
0.000196643
0.000287606
0.00041447
0.000589042
0.000826243
0.00114471
0.00156748
0.0021227
0.00284449
0.00377375
0.0049591
0.00645783
0.0083369
0.0106739
0.013558
0.0170912
0.0213888
0.0265806
0.0328117
0.0402429
0.0490519
0.0594328
0.0715972
0.0857741
0.10221
0.121167
0.142925
0.167781
0.196043
0.228037
0.2641
0.304578
0.349831
0.400221
0.456122
0.517905
0.585947
0.660623
0.742304
0.831355
0.928136
1.03299
1.14626
1.26827
1.39931
1.53968
1.68964
1.84944
2.01931
2.19944
2.39001
2.59117
2.80305
3.02576
3.25936
3.50392
3.75946
4.02599
4.30351
4.59198
4.89135
5.20155
5.52252
5.85416
6.19637
6.54905
6.91208
7.28537
7.66879
8.06224
8.46562
8.87884
9.30182
9.73449
10.1768
10.6287
11.0902
11.0902
0
0
3.27761e-12
2.45999e-11
1.28069e-10
5.27738e-10
1.82952e-09
5.55058e-09
1.51438e-08
3.78848e-08
8.81562e-08
1.92897e-07
4.00272e-07
7.92975e-07
1.50799e-06
2.76508e-06
4.90686e-06
8.45371e-06
1.41775e-05
2.31983e-05
3.71093e-05
5.81351e-05
8.93282e-05
0.00013481
0.000200062
0.000292273
0.00042074
0.000597345
0.000837084
0.00115867
0.00158521
0.00214495
0.00287203
0.00380741
0.00499972
0.00650623
0.00839379
0.0107399
0.0136334
0.0171761
0.0214827
0.0266826
0.03292
0.0403549
0.0491637
0.0595394
0.071692
0.0858485
0.102253
0.121166
0.142865
0.167642
0.195805
0.227674
0.263582
0.303873
0.3489
0.399024
0.45461
0.516027
0.583646
0.657836
0.738964
0.827389
0.923464
1.02753
1.13992
1.26096
1.39093
1.53012
1.6788
1.83721
2.00556
2.18406
2.37288
2.57216
2.78204
3.0026
3.23394
3.47609
3.7291
3.99297
4.26769
4.55322
4.84953
5.15655
5.4742
5.80239
6.14104
6.49003
6.84927
7.21863
7.59802
7.98734
8.38648
8.79535
9.21388
9.642
10.0797
10.5268
10.9835
10.9835
0
0
3.78815e-12
2.77985e-11
1.41952e-10
5.76095e-10
1.97361e-09
5.93208e-09
1.60637e-08
3.99397e-08
9.24627e-08
2.01442e-07
4.16442e-07
8.22327e-07
1.55932e-06
2.85193e-06
5.04941e-06
8.68134e-06
1.45318e-05
2.37372e-05
3.79113e-05
5.93044e-05
9.10007e-05
0.000137159
0.000203306
0.00029668
0.000426634
0.000605108
0.000847161
0.00117157
0.00160149
0.0021652
0.00289689
0.0038375
0.00503564
0.00654847
0.00844271
0.0107956
0.0136959
0.0172445
0.021556
0.0267588
0.0329964
0.0404277
0.0492276
0.0595878
0.0717163
0.0858383
0.102195
0.121046
0.142663
0.167337
0.195371
0.227083
0.2628
0.302862
0.347619
0.397424
0.452639
0.513627
0.580754
0.654383
0.734875
0.822584
0.917857
1.02103
1.13243
1.25237
1.38114
1.51902
1.66627
1.82312
1.98979
2.16648
2.35335
2.55056
2.75822
2.97642
3.20526
3.44478
3.695
3.95594
4.22759
4.50991
4.80287
5.1064
5.42042
5.74485
6.0796
6.42456
6.77964
7.14473
7.51972
7.90452
8.29902
8.70315
9.11682
9.53998
9.97258
10.4146
10.866
10.866
0
0
4.34677e-12
3.1218e-11
1.56517e-10
6.26119e-10
2.1211e-09
6.31937e-09
1.69913e-08
4.20002e-08
9.67594e-08
2.0993e-07
4.3244e-07
8.51253e-07
1.60973e-06
2.9369e-06
5.1884e-06
8.90249e-06
1.48749e-05
2.4257e-05
3.86819e-05
6.04235e-05
9.25947e-05
0.000139389
0.00020637
0.00030082
0.000432141
0.000612318
0.000856458
0.00118338
0.00161627
0.00218343
0.00291903
0.00386397
0.00506678
0.00658448
0.00848359
0.010841
0.0137451
0.0172964
0.0216085
0.0268092
0.0330408
0.040461
0.0492433
0.0595775
0.0716698
0.0857429
0.102036
0.120804
0.142318
0.166864
0.194741
0.226262
0.261752
0.301545
0.345984
0.39542
0.450207
0.510705
0.577271
0.650263
0.730037
0.81694
0.911313
1.01349
1.12378
1.24251
1.36994
1.50637
1.65204
1.80718
1.972
2.1467
2.33145
2.52637
2.73161
2.94724
3.17335
3.40999
3.65718
3.91494
4.18325
4.46209
4.7514
5.05114
5.36122
5.68157
6.0121
6.3527
6.70328
7.06373
7.43395
7.81386
8.20334
8.60233
9.01075
9.42853
9.85564
10.292
10.7377
10.7377
0
0
4.95353e-12
3.48512e-11
1.7172e-10
6.77654e-10
2.27155e-09
6.71134e-09
1.79241e-08
4.40609e-08
1.01036e-07
2.18341e-07
4.48228e-07
8.79692e-07
1.65911e-06
3.01983e-06
5.32355e-06
9.11675e-06
1.5206e-05
2.47568e-05
3.94197e-05
6.14904e-05
9.41075e-05
0.000141494
0.000209248
0.000304688
0.000437252
0.000618964
0.000864961
0.00119408
0.00162953
0.00219959
0.0029384
0.00388678
0.0050931
0.00661422
0.00851636
0.0108761
0.0137811
0.0173314
0.0216399
0.0268333
0.0330527
0.0404544
0.0492102
0.0595081
0.0715519
0.0855618
0.101774
0.120441
0.141829
0.166221
0.193913
0.225211
0.260437
0.299919
0.343996
0.393011
0.447314
0.507258
0.573194
0.645475
0.724448
0.810457
0.903834
1.00491
1.11398
1.23137
1.35735
1.49218
1.63612
1.78939
1.9522
2.12474
2.30717
2.49963
2.70223
2.91508
3.13824
3.37176
3.61568
3.87
4.13471
4.40978
4.69517
4.99082
5.29667
5.61262
5.9386
6.2745
6.62024
6.97571
7.3408
7.71544
8.09953
8.49299
8.89575
9.30776
9.72897
10.1594
10.5989
10.5989
0
0
5.60798e-12
3.86891e-11
1.87515e-10
7.30538e-10
2.4245e-09
7.10685e-09
1.88595e-08
4.61164e-08
1.05281e-07
2.26656e-07
4.63773e-07
9.07585e-07
1.70735e-06
3.10056e-06
5.45462e-06
9.32372e-06
1.55246e-05
2.52356e-05
4.01235e-05
6.25034e-05
9.55366e-05
0.000143472
0.000211936
0.000308276
0.000441959
0.000625034
0.000872655
0.00120367
0.00164126
0.00221368
0.00295498
0.00390587
0.00511455
0.00663761
0.00854093
0.0109006
0.0138038
0.0173496
0.0216502
0.026831
0.033032
0.0404076
0.0491281
0.059379
0.0713619
0.0852942
0.101409
0.119955
0.141196
0.165409
0.192885
0.223929
0.258854
0.297984
0.341652
0.390195
0.443958
0.503286
0.568524
0.640019
0.71811
0.803135
0.89542
0.995284
1.10303
1.21896
1.34335
1.47645
1.61852
1.76976
1.9304
2.1006
2.28053
2.47033
2.6701
2.87995
3.09994
3.33012
3.57052
3.82115
4.08199
4.35303
4.63422
4.9255
5.2268
5.53806
5.85917
6.19005
6.5306
6.88074
7.24036
7.60937
7.98769
8.37524
8.77195
9.17778
9.59267
10.0166
10.4496
10.4496
0
0
6.30917e-12
4.27208e-11
2.03851e-10
7.84605e-10
2.57948e-09
7.50479e-09
1.9795e-08
4.81617e-08
1.09486e-07
2.34856e-07
4.79042e-07
9.34875e-07
1.75437e-06
3.17893e-06
5.58135e-06
9.52304e-06
1.58301e-05
2.56928e-05
4.07922e-05
6.34608e-05
9.68797e-05
0.00014532
0.00021443
0.000311579
0.000446255
0.000630519
0.000879528
0.00121212
0.00165143
0.00222566
0.00296875
0.00392124
0.0051311
0.00665462
0.00855724
0.0109145
0.0138129
0.0173508
0.0216391
0.0268022
0.0329783
0.0403204
0.0489964
0.0591898
0.0710993
0.0849394
0.10094
0.119346
0.140416
0.164425
0.191658
0.222413
0.257001
0.295738
0.338951
0.386972
0.440137
0.498787
0.563259
0.633893
0.711021
0.794974
0.886071
0.984626
1.09094
1.20529
1.32796
1.4592
1.59924
1.74831
1.90661
2.0743
2.25155
2.4385
2.63524
2.84188
3.05848
3.28509
3.52173
3.76843
4.02515
4.29189
4.5686
4.85522
5.15169
5.45794
5.77387
6.09941
6.43445
6.77892
7.1327
7.49573
7.86791
8.24918
8.63946
9.03872
9.4469
9.864
10.29
10.29
0
0
7.05569e-12
4.69342e-11
2.20676e-10
8.39685e-10
2.73605e-09
7.90407e-09
2.07284e-08
5.01919e-08
1.13641e-07
2.42924e-07
4.94002e-07
9.61507e-07
1.80008e-06
3.2548e-06
5.70353e-06
9.71437e-06
1.6122e-05
2.61274e-05
4.14246e-05
6.4361e-05
9.81346e-05
0.000147034
0.000216725
0.000314592
0.000450133
0.000635411
0.00088557
0.00121941
0.00166003
0.00223551
0.00297967
0.00393283
0.00514271
0.00666518
0.00856521
0.0109177
0.0138085
0.0173348
0.0216065
0.0267464
0.0328913
0.0401921
0.0488147
0.0589398
0.0707634
0.0844967
0.100366
0.118612
0.13949
0.163268
0.190229
0.220663
0.254876
0.293179
0.335891
0.383339
0.435851
0.49376
0.557399
0.627097
0.703182
0.785975
0.87579
0.972932
1.07769
1.19035
1.31118
1.44042
1.5783
1.72504
1.88084
2.04586
2.22025
2.40415
2.59767
2.8009
3.01389
3.2367
3.46936
3.71188
3.96423
4.22641
4.49837
4.78005
5.0714
5.37234
5.68279
6.00267
6.33188
6.67033
7.01795
7.37464
7.74033
8.11494
8.49842
8.89071
9.29179
9.70163
10.1202
10.1202
0
0
7.84568e-12
5.13157e-11
2.37934e-10
8.95609e-10
2.89375e-09
8.30362e-09
2.16572e-08
5.22022e-08
1.17737e-07
2.50842e-07
5.08625e-07
9.87431e-07
1.84438e-06
3.32803e-06
5.82094e-06
9.89736e-06
1.63998e-05
2.65388e-05
4.20197e-05
6.52027e-05
9.92993e-05
0.000148611
0.000218818
0.00031731
0.000453587
0.000639701
0.00089077
0.00122555
0.00166705
0.00224322
0.00298772
0.00394064
0.00514932
0.00666923
0.00856478
0.0109102
0.0137903
0.0173014
0.021552
0.0266634
0.0327706
0.0400225
0.0485824
0.0586284
0.0703534
0.083965
0.0996857
0.117752
0.138415
0.161938
0.188596
0.218677
0.252479
0.290306
0.332471
0.379295
0.431098
0.488205
0.550942
0.619631
0.694592
0.776138
0.864577
0.960205
1.06331
1.17416
1.29302
1.42012
1.55571
1.69997
1.85311
2.01528
2.18665
2.36732
2.55742
2.75703
2.96621
3.185
3.41345
3.65154
3.89928
4.15664
4.42358
4.70006
4.986
5.28134
5.58601
5.89991
6.22297
6.55509
6.8962
7.24621
7.60505
7.97265
8.34895
8.7339
9.12749
9.52968
9.94049
9.94049
0
0
8.67691e-12
5.58508e-11
2.5557e-10
9.52206e-10
3.05214e-09
8.70239e-09
2.25791e-08
5.4188e-08
1.21764e-07
2.58595e-07
5.22881e-07
1.0126e-06
1.8872e-06
3.3985e-06
5.93338e-06
1.00717e-05
1.66631e-05
2.69263e-05
4.25765e-05
6.59843e-05
0.000100372
0.000150051
0.000220705
0.000319729
0.000456611
0.000643382
0.00089512
0.00123051
0.00167246
0.00224878
0.00299289
0.00394461
0.00515089
0.00666671
0.00855584
0.0108917
0.0137582
0.0172504
0.0214754
0.0265529
0.0326159
0.0398109
0.0482989
0.0582548
0.0698683
0.0833434
0.0988985
0.116766
0.137191
0.160432
0.186759
0.216454
0.249807
0.287117
0.32869
0.374838
0.425876
0.48212
0.543888
0.611494
0.685252
0.765465
0.852434
0.946448
1.04778
1.15671
1.27348
1.39832
1.53146
1.6731
1.82343
1.98259
2.15075
2.32802
2.51451
2.71031
2.91546
3.13003
3.35402
3.58747
3.83035
4.08264
4.3443
4.6153
4.89556
5.18502
5.4836
5.79123
6.10782
6.43329
6.76757
7.11056
7.4622
7.82243
8.1912
8.56845
8.95416
9.34832
9.75092
9.75092
0
0
9.54678e-12
6.05242e-11
2.73527e-10
1.00931e-09
3.21077e-09
9.09936e-09
2.3492e-08
5.61448e-08
1.25715e-07
2.66166e-07
5.36743e-07
1.03696e-06
1.92847e-06
3.46607e-06
6.04065e-06
1.02371e-05
1.69113e-05
2.72892e-05
4.30941e-05
6.67048e-05
0.000101351
0.000151349
0.000222384
0.000321844
0.0004592
0.000646449
0.000898613
0.00123429
0.00167626
0.00225216
0.00299515
0.00394471
0.00514737
0.00665754
0.00853828
0.0108621
0.0137119
0.0171815
0.0213763
0.0264144
0.0324265
0.0395568
0.0479634
0.0578182
0.0693073
0.0826308
0.0980027
0.115651
0.135815
0.158748
0.184715
0.21399
0.246858
0.28361
0.324545
0.369967
0.420183
0.475503
0.536235
0.602687
0.675161
0.753956
0.839363
0.931663
1.03113
1.13801
1.25257
1.37502
1.50559
1.64446
1.79181
1.94781
2.1126
2.28629
2.46898
2.66076
2.86169
3.07181
3.29114
3.51971
3.75749
4.00446
4.2606
4.52585
4.80015
5.08345
5.37567
5.67672
5.98655
6.30505
6.63217
6.96782
7.31193
7.66445
8.02532
8.3945
8.77197
9.15771
9.55174
9.55174
0
0
1.04524e-11
6.53201e-11
2.91748e-10
1.06675e-09
3.36924e-09
9.49356e-09
2.43938e-08
5.80685e-08
1.2958e-07
2.73542e-07
5.50186e-07
1.06048e-06
1.9681e-06
3.53064e-06
6.14258e-06
1.03934e-05
1.71441e-05
2.76271e-05
4.35718e-05
6.73629e-05
0.000102234
0.000152504
0.000223852
0.000323653
0.00046135
0.000648896
0.000901241
0.00123688
0.00167844
0.00225334
0.00299446
0.0039409
0.00513869
0.00664162
0.00851198
0.0108213
0.0136514
0.0170944
0.0212545
0.0262474
0.0322019
0.0392594
0.0475751
0.0573175
0.0686691
0.0818258
0.0969971
0.114405
0.134286
0.156886
0.182463
0.211285
0.24363
0.279783
0.320034
0.36468
0.414019
0.468354
0.527983
0.593207
0.66432
0.741612
0.825366
0.915855
1.01334
1.11808
1.2303
1.35023
1.47809
1.61404
1.75828
1.91096
2.0722
2.24213
2.42085
2.60842
2.80493
3.01039
3.22485
3.44831
3.68076
3.92218
4.17254
4.43179
4.69987
4.97673
5.2623
5.5565
5.85926
6.17049
6.49014
6.81812
7.15437
7.49884
7.85147
8.21224
8.5811
8.95806
9.34313
9.34313
0
0
1.13907e-11
7.02221e-11
3.10175e-10
1.12436e-09
3.52712e-09
9.88405e-09
2.52825e-08
5.99551e-08
1.33354e-07
2.80708e-07
5.63184e-07
1.0831e-06
2.00604e-06
3.5921e-06
6.239e-06
1.05401e-05
1.73612e-05
2.79394e-05
4.40087e-05
6.79577e-05
0.000103021
0.000153514
0.000225107
0.000325151
0.000463057
0.000650719
0.000903001
0.00123827
0.00167898
0.0022523
0.00299079
0.00393311
0.00512477
0.00661884
0.00847676
0.0107691
0.0135761
0.0169888
0.0211093
0.0260514
0.0319413
0.0389178
0.0471329
0.0567516
0.0679524
0.0809269
0.0958798
0.113028
0.132602
0.154842
0.179999
0.208336
0.240121
0.275633
0.315155
0.358974
0.407381
0.46067
0.519131
0.583056
0.65273
0.728435
0.810445
0.899026
0.994431
1.09691
1.20668
1.32397
1.44898
1.58188
1.72286
1.87205
2.02959
2.19559
2.37015
2.55334
2.74522
2.94583
3.1552
3.37334
3.60023
3.83586
4.0802
4.33319
4.5948
4.86496
5.14361
5.43066
5.72607
6.02974
6.34161
6.66161
6.98968
7.32577
7.66983
8.02183
8.38174
8.74956
9.12529
9.12529
0
0
1.23583e-11
7.5214e-11
3.28754e-10
1.18199e-09
3.68402e-09
1.02699e-08
2.61562e-08
6.18006e-08
1.37028e-07
2.87652e-07
5.75716e-07
1.1048e-06
2.04222e-06
3.65035e-06
6.32976e-06
1.06772e-05
1.75622e-05
2.82255e-05
4.44043e-05
6.84882e-05
0.00010371
0.000154378
0.000226146
0.000326338
0.000464319
0.000651914
0.000903885
0.00123845
0.00167786
0.00224901
0.00298408
0.00392127
0.00510548
0.00658903
0.00843241
0.010705
0.0134859
0.0168643
0.0209403
0.0258257
0.031644
0.0385312
0.0466358
0.0561193
0.0671558
0.0799325
0.0946491
0.111517
0.130761
0.152614
0.177323
0.20514
0.236329
0.271159
0.309905
0.352848
0.400268
0.45245
0.509678
0.572232
0.640391
0.714426
0.794603
0.88118
0.974402
1.07451
1.18172
1.29624
1.41827
1.54799
1.68555
1.83111
1.98479
2.14669
2.31692
2.49554
2.68261
2.87817
3.08225
3.29484
3.51596
3.74557
3.98365
4.23016
4.48504
4.74824
5.01969
5.29933
5.5871
5.88291
6.18671
6.49843
6.81801
7.14541
7.48057
7.82346
8.17408
8.53241
8.89846
8.89846
0
0
1.33519e-11
8.02793e-11
3.47428e-10
1.23949e-09
3.83955e-09
1.06503e-08
2.70129e-08
6.36016e-08
1.40595e-07
2.94359e-07
5.87758e-07
1.12553e-06
2.07658e-06
3.70529e-06
6.41472e-06
1.08045e-05
1.77468e-05
2.84851e-05
4.47578e-05
6.89536e-05
0.0001043
0.000155094
0.000226967
0.00032721
0.000465132
0.000652476
0.000903883
0.0012374
0.00167505
0.00224341
0.00297427
0.00390528
0.00508069
0.006552
0.00837869
0.0106289
0.0133802
0.0167202
0.0207468
0.0255695
0.0313091
0.0380984
0.0460825
0.0554189
0.0662776
0.0788408
0.0933029
0.10987
0.12876
0.150201
0.17443
0.201695
0.23225
0.266357
0.304283
0.346298
0.392677
0.443694
0.499623
0.560736
0.627303
0.699586
0.777843
0.862321
0.95326
1.05089
1.15542
1.26705
1.38598
1.51238
1.64639
1.78816
1.93782
2.09547
2.26119
2.43507
2.61714
2.80746
3.00604
3.21289
3.42802
3.65139
3.88298
4.12276
4.37067
4.62665
4.89066
5.16263
5.44248
5.73016
6.0256
6.32874
6.63953
6.95792
7.28386
7.61734
7.95832
8.30682
8.66284
8.66284
0
0
1.43678e-11
8.54016e-11
3.66145e-10
1.29669e-09
3.99336e-09
1.10244e-08
2.78511e-08
6.53544e-08
1.44049e-07
3.0082e-07
5.99292e-07
1.14527e-06
2.10906e-06
3.75684e-06
6.49374e-06
1.09216e-05
1.79147e-05
2.87177e-05
4.50687e-05
6.93531e-05
0.00010479
0.00015566
0.00022757
0.000327766
0.000465493
0.000652397
0.000902982
0.0012351
0.00167051
0.00223545
0.00296126
0.00388502
0.00505024
0.00650753
0.00831528
0.0105403
0.0132587
0.0165559
0.0205281
0.0252819
0.0309354
0.0376181
0.0454715
0.0546489
0.0653158
0.0776495
0.0918389
0.108084
0.126597
0.147598
0.171319
0.197998
0.227882
0.261225
0.298285
0.339323
0.384606
0.434398
0.488963
0.548567
0.613467
0.683917
0.760167
0.842455
0.931011
1.02606
1.1278
1.23643
1.35213
1.47507
1.60539
1.74324
1.88873
2.04196
2.20301
2.37196
2.54886
2.73375
2.92664
3.12756
3.33648
3.5534
3.77828
4.0111
4.2518
4.50033
4.75664
5.02067
5.29235
5.57162
5.85842
6.1527
6.4544
6.76349
7.07991
7.40364
7.73468
8.07302
8.41867
8.41867
0
0
1.54026e-11
9.05649e-11
3.84852e-10
1.35347e-09
4.14508e-09
1.13913e-08
2.8669e-08
6.70559e-08
1.47384e-07
3.07022e-07
6.10297e-07
1.16398e-06
2.13962e-06
3.80492e-06
6.56669e-06
1.10284e-05
1.80656e-05
2.8923e-05
4.53366e-05
6.96861e-05
0.00010518
0.000156077
0.000227953
0.000328004
0.000465396
0.000651667
0.00090116
0.00123151
0.00166419
0.00222505
0.00294494
0.00386031
0.00501389
0.00645532
0.00824181
0.0104388
0.0131206
0.0163708
0.0202832
0.0249618
0.0305217
0.0370889
0.0448011
0.0538074
0.0642685
0.0763564
0.0902545
0.106157
0.124269
0.144803
0.167985
0.194045
0.223221
0.255759
0.291907
0.33192
0.376053
0.42456
0.4777
0.535724
0.598883
0.667421
0.741578
0.821585
0.907662
1.00002
1.09886
1.20437
1.31673
1.43608
1.56258
1.69636
1.83753
1.98619
2.14242
2.30628
2.47783
2.6571
2.84412
3.03889
3.24141
3.45167
3.66963
3.89526
4.12853
4.36937
4.61774
4.87358
5.13683
5.40744
5.68534
5.97048
6.26281
6.5623
6.8689
7.1826
7.50338
7.83124
8.16619
8.16619
0
0
1.64526e-11
9.57535e-11
4.03499e-10
1.40968e-09
4.29438e-09
1.17504e-08
2.9465e-08
6.8703e-08
1.50594e-07
3.12956e-07
6.20756e-07
1.18162e-06
2.1682e-06
3.84944e-06
6.63348e-06
1.11248e-05
1.81994e-05
2.91006e-05
4.5561e-05
6.9952e-05
0.000105467
0.000156343
0.000228114
0.000327918
0.000464833
0.000650268
0.000898388
0.00122659
0.00165602
0.00221211
0.00292516
0.00383096
0.00497138
0.00639502
0.00815784
0.0103238
0.0129653
0.016164
0.0200111
0.0246081
0.0300666
0.0365092
0.0440696
0.0528923
0.0631332
0.0749589
0.088547
0.104085
0.121772
0.141813
0.164426
0.189832
0.218264
0.249955
0.285148
0.324086
0.367014
0.41418
0.46583
0.522207
0.583552
0.6501
0.722081
0.799717
0.88322
0.972793
1.06863
1.17091
1.27979
1.39544
1.51799
1.64756
1.78427
1.9282
2.07944
2.23806
2.40409
2.57757
2.75853
2.94698
3.1429
3.34629
3.55713
3.77537
4.00097
4.2339
4.4741
4.72151
4.97609
5.23777
5.50651
5.78224
6.06494
6.35455
6.65105
6.95441
7.26463
7.58171
7.90566
7.90566
0
0
1.75144e-11
1.00952e-10
4.22037e-10
1.46519e-09
4.44095e-09
1.21009e-08
3.02378e-08
7.02927e-08
1.53674e-07
3.18612e-07
6.30652e-07
1.19818e-06
2.19476e-06
3.89036e-06
6.69399e-06
1.12106e-05
1.83157e-05
2.92504e-05
4.57415e-05
7.01504e-05
0.000105653
0.000156456
0.00022805
0.000327501
0.000463788
0.000648174
0.000894626
0.00122027
0.0016459
0.00219649
0.00290175
0.00379673
0.00492239
0.00632622
0.00806284
0.0101945
0.012792
0.0159345
0.0197108
0.0242193
0.0295685
0.0358772
0.0432748
0.0519013
0.0619074
0.0734542
0.0867133
0.101866
0.119103
0.138624
0.160637
0.185358
0.213007
0.243812
0.278004
0.315817
0.357489
0.403256
0.453353
0.508016
0.567475
0.631956
0.701679
0.776856
0.857691
0.94438
1.03711
1.13604
1.24134
1.35316
1.47163
1.59686
1.72897
1.86804
2.01414
2.16734
2.32769
2.49522
2.66995
2.85189
3.04103
3.23736
3.44086
3.6515
3.86924
4.09403
4.32584
4.5646
4.81026
5.06278
5.3221
5.58818
5.86097
6.14044
6.42656
6.71931
7.01868
7.32468
7.63732
7.63732
0
0
1.85846e-11
1.06146e-10
4.40419e-10
1.51987e-09
4.58448e-09
1.24423e-08
3.09859e-08
7.18224e-08
1.56618e-07
3.2398e-07
6.39969e-07
1.21363e-06
2.21927e-06
3.9276e-06
6.74813e-06
1.12858e-05
1.84145e-05
2.93719e-05
4.58779e-05
7.02809e-05
0.000105736
0.000156414
0.000227754
0.000326742
0.00046224
0.000645349
0.000889816
0.00121247
0.00163372
0.00217803
0.00287448
0.00375732
0.00486654
0.00624843
0.00795618
0.0100504
0.0125997
0.0156812
0.0193808
0.023794
0.0290256
0.0351908
0.0424144
0.0508318
0.0605883
0.0718394
0.0847501
0.0994954
0.116259
0.135232
0.156616
0.180616
0.207446
0.237323
0.27047
0.307111
0.347474
0.391784
0.440268
0.493151
0.550653
0.612991
0.680375
0.753008
0.831086
0.914794
1.00431
1.09979
1.2014
1.30927
1.42353
1.5443
1.67167
1.80573
1.94655
2.0942
2.24871
2.41011
2.57844
2.75369
2.93587
3.12496
3.32094
3.52378
3.73345
3.9499
4.17309
4.40297
4.6395
4.88262
5.13229
5.38846
5.6511
5.92017
6.19565
6.47751
6.76576
7.0604
7.36144
7.36144
0
0
1.96597e-11
1.11321e-10
4.58603e-10
1.57361e-09
4.72469e-09
1.27737e-08
3.17079e-08
7.32894e-08
1.59422e-07
3.29053e-07
6.48694e-07
1.22794e-06
2.24168e-06
3.9611e-06
6.79583e-06
1.135e-05
1.84955e-05
2.94651e-05
4.59698e-05
7.03428e-05
0.000105713
0.000156213
0.000227217
0.000325621
0.000460158
0.000641746
0.000883888
0.00120309
0.00161933
0.00215652
0.00284307
0.00371237
0.00480336
0.00616107
0.00783717
0.00989047
0.0123875
0.0154029
0.0190198
0.0233304
0.0284361
0.0344479
0.0414861
0.0496812
0.059173
0.070111
0.082654
0.0969699
0.113235
0.131633
0.152357
0.175603
0.201577
0.230486
0.262544
0.297965
0.336966
0.379763
0.426574
0.477612
0.533088
0.593209
0.658175
0.72818
0.803411
0.884045
0.970249
1.06218
1.15998
1.26379
1.37373
1.4899
1.61241
1.74133
1.87673
2.01866
2.16718
2.32232
2.48408
2.65248
2.82752
3.00919
3.19747
3.39232
3.59372
3.80163
4.016
4.23679
4.46396
4.69747
4.93725
5.18329
5.43553
5.69396
5.95854
6.22927
6.50613
6.78914
7.0783
7.0783
0
0
2.07364e-11
1.16464e-10
4.76544e-10
1.6263e-09
4.86131e-09
1.30947e-08
3.24027e-08
7.46914e-08
1.62081e-07
3.33822e-07
6.56814e-07
1.24109e-06
2.26197e-06
3.99082e-06
6.83701e-06
1.14034e-05
1.85587e-05
2.95298e-05
4.60168e-05
7.03345e-05
0.000105582
0.000155844
0.000226424
0.000324114
0.0004575
0.000637301
0.000876747
0.00119199
0.00160253
0.00213172
0.0028072
0.00366147
0.00473233
0.00606348
0.00770498
0.00971376
0.0121541
0.0150981
0.018626
0.0228267
0.0277978
0.033646
0.0404872
0.0484464
0.0576581
0.0682656
0.0804212
0.0942855
0.110027
0.127823
0.147856
0.170316
0.195396
0.223297
0.254222
0.288375
0.325962
0.367192
0.41227
0.461399
0.514781
0.572612
0.635083
0.702379
0.774677
0.852146
0.934944
1.02322
1.11712
1.21675
1.32225
1.43371
1.55123
1.67487
1.80471
1.94081
2.08319
2.23189
2.38694
2.54833
2.71607
2.89015
3.07054
3.25723
3.45017
3.64935
3.85471
4.06621
4.28382
4.50749
4.73718
4.97285
5.21448
5.46202
5.71547
5.97481
6.24003
6.51115
6.78818
6.78818
0
0
2.18118e-11
1.2156e-10
4.94203e-10
1.67783e-09
4.99407e-09
1.34046e-08
3.30691e-08
7.60262e-08
1.64591e-07
3.3828e-07
6.64315e-07
1.25307e-06
2.28009e-06
4.01672e-06
6.8716e-06
1.14457e-05
1.86039e-05
2.95655e-05
4.60177e-05
7.0253e-05
0.000105335
0.000155294
0.000225351
0.000322183
0.00045421
0.000631929
0.000868273
0.001179
0.00158312
0.00210333
0.00276649
0.00360411
0.00465283
0.0059549
0.00755869
0.00951915
0.0118982
0.0147654
0.0181978
0.0222809
0.0271083
0.0327825
0.0394146
0.0471243
0.0560402
0.0662995
0.0780476
0.0914381
0.106632
0.123797
0.143109
0.164748
0.188899
0.215752
0.2455
0.278337
0.314461
0.354068
0.397354
0.444512
0.495733
0.551204
0.611105
0.675613
0.744894
0.819109
0.898409
0.982934
1.07282
1.16818
1.26913
1.37576
1.48816
1.60641
1.73056
1.86068
1.99679
2.13892
2.2871
2.44133
2.60161
2.76793
2.94028
3.11862
3.30294
3.4932
3.68936
3.89139
4.09924
4.31287
4.53226
4.75736
4.98814
5.22459
5.46667
5.71439
5.96773
6.22672
6.49135
6.49135
0
0
2.28827e-11
1.26599e-10
5.11542e-10
1.72809e-09
5.12275e-09
1.3703e-08
3.3706e-08
7.72915e-08
1.66949e-07
3.4242e-07
6.71188e-07
1.26385e-06
2.29603e-06
4.03875e-06
6.89956e-06
1.1477e-05
1.86309e-05
2.95715e-05
4.597e-05
7.00929e-05
0.000104962
0.000154544
0.000223969
0.000319779
0.000450216
0.000625527
0.000858319
0.00116393
0.00156081
0.00207099
0.00272048
0.00353974
0.00456415
0.00583447
0.00739727
0.00930541
0.0116185
0.014403
0.0177332
0.0216906
0.0263652
0.0318547
0.0382653
0.0457114
0.0543156
0.0642086
0.0755291
0.0884231
0.103044
0.119551
0.138112
0.158896
0.182081
0.207846
0.236374
0.26785
0.30246
0.340391
0.381827
0.426952
0.475948
0.528989
0.586247
0.647888
0.714072
0.784948
0.860659
0.94134
1.02711
1.1181
1.21439
1.31608
1.42326
1.53599
1.65433
1.77834
1.90804
2.04347
2.18464
2.33156
2.48424
2.64265
2.80679
2.97663
3.15216
3.33333
3.52011
3.71247
3.91038
4.11379
4.32268
4.53701
4.75675
4.98188
5.21239
5.44826
5.6895
5.93611
6.18812
6.18812
0
0
2.39464e-11
1.31569e-10
5.28525e-10
1.777e-09
5.24712e-09
1.39893e-08
3.43125e-08
7.84857e-08
1.69151e-07
3.46238e-07
6.77421e-07
1.27342e-06
2.30976e-06
4.05688e-06
6.92083e-06
1.14969e-05
1.86389e-05
2.95457e-05
4.58695e-05
6.98454e-05
0.000104447
0.000153569
0.000222234
0.000316841
0.000445424
0.000617964
0.000846707
0.00114653
0.0015353
0.00203431
0.00266866
0.00346771
0.0044655
0.00570121
0.00721954
0.00907116
0.0113131
0.0140091
0.0172299
0.0210536
0.0255657
0.0308595
0.037036
0.0442041
0.0524804
0.0619889
0.0728612
0.085236
0.0992585
0.11508
0.132858
0.152755
0.174937
0.199575
0.22684
0.256908
0.289956
0.326157
0.365688
0.408721
0.455427
0.505971
0.560515
0.619216
0.682222
0.749677
0.821714
0.89846
0.980031
1.06653
1.15807
1.25472
1.35656
1.46366
1.57608
1.69385
1.81702
1.94562
2.07965
2.21912
2.36405
2.51441
2.67019
2.83138
2.99795
3.16987
3.34711
3.52965
3.71743
3.91044
4.10864
4.31201
4.52051
4.73413
4.95286
5.17668
5.4056
5.63963
5.87879
5.87879
0
0
2.50001e-11
1.36458e-10
5.45119e-10
1.82446e-09
5.36696e-09
1.42632e-08
3.48875e-08
7.96067e-08
1.71193e-07
3.49726e-07
6.83006e-07
1.28177e-06
2.32126e-06
4.07107e-06
6.93528e-06
1.15051e-05
1.86265e-05
2.94847e-05
4.57089e-05
6.94976e-05
0.000103768
0.000152331
0.000220094
0.000313286
0.000439721
0.00060908
0.00083322
0.00112651
0.00150621
0.0019928
0.00261043
0.00338728
0.00435599
0.00555405
0.00702423
0.0088149
0.0109805
0.0135816
0.0166858
0.0203671
0.0247069
0.0297936
0.0357232
0.0425986
0.0505304
0.0596358
0.0700394
0.081872
0.0952708
0.110379
0.127344
0.14632
0.167464
0.190934
0.216895
0.245511
0.276946
0.311367
0.348937
0.389819
0.434173
0.482155
0.533917
0.589604
0.649358
0.713312
0.781592
0.854316
0.931594
1.01353
1.1002
1.19171
1.28811
1.38947
1.49585
1.60728
1.7238
1.84544
1.9722
2.10411
2.24115
2.38332
2.53061
2.683
2.84046
3.00298
3.17053
3.34307
3.52057
3.70301
3.89036
4.08258
4.27966
4.48159
4.68834
4.89992
5.11632
5.33756
5.56365
5.56365
0
0
2.60412e-11
1.41255e-10
5.6129e-10
1.87038e-09
5.48208e-09
1.45241e-08
3.54302e-08
8.0653e-08
1.73073e-07
3.5288e-07
6.87935e-07
1.28888e-06
2.33051e-06
4.08124e-06
6.94252e-06
1.15003e-05
1.85908e-05
2.93828e-05
4.54776e-05
6.90307e-05
0.000102894
0.000150785
0.000217476
0.000309014
0.000432965
0.000598683
0.000817602
0.00110356
0.00147311
0.00194593
0.00254512
0.00329763
0.00423461
0.00539181
0.00680993
0.00853498
0.0106186
0.0131184
0.0160983
0.0196284
0.0237857
0.0286537
0.0343231
0.0408909
0.0484613
0.0571449
0.0670588
0.0783262
0.0910759
0.105442
0.121565
0.139587
0.159655
0.181921
0.206536
0.233654
0.26343
0.296019
0.331575
0.370249
0.412191
0.457548
0.50646
0.559064
0.615493
0.67587
0.740313
0.808933
0.881831
0.959103
1.04083
1.12709
1.21796
1.31348
1.41372
1.5187
1.62846
1.74302
1.8624
1.98661
2.11564
2.24949
2.38816
2.53161
2.67984
2.83282
2.99052
3.15292
3.31999
3.4917
3.66802
3.84894
4.03444
4.22449
4.4191
4.61824
4.82194
5.03019
5.24302
5.24302
0
0
2.70673e-11
1.45952e-10
5.7701e-10
1.91471e-09
5.5923e-09
1.47716e-08
3.59399e-08
8.16231e-08
1.74788e-07
3.55695e-07
6.92201e-07
1.29474e-06
2.33744e-06
4.08709e-06
6.94163e-06
1.14803e-05
1.85274e-05
2.92309e-05
4.51598e-05
6.84189e-05
0.000101786
0.00014887
0.000214294
0.000303902
0.000424988
0.000586547
0.000799556
0.00107727
0.00143552
0.00189308
0.00247198
0.00319784
0.00410026
0.00521316
0.0065751
0.0082296
0.0102255
0.0126172
0.0154648
0.0188346
0.0227988
0.0274362
0.0328318
0.0390768
0.0462688
0.0545116
0.0639147
0.0745935
0.0866687
0.100266
0.115515
0.13255
0.151508
0.17253
0.195758
0.221335
0.249405
0.280113
0.313602
0.350013
0.389485
0.432155
0.478153
0.527608
0.58064
0.637367
0.697898
0.762334
0.830772
0.903298
0.979992
1.06092
1.14616
1.23575
1.32973
1.42816
1.53106
1.63844
1.75033
1.86672
1.98763
2.11305
2.24296
2.37736
2.51622
2.65953
2.80725
2.95937
3.11586
3.2767
3.44186
3.61132
3.78507
3.96309
4.14538
4.33193
4.52274
4.71783
4.91721
4.91721
0
0
2.80762e-11
1.50538e-10
5.92251e-10
1.95735e-09
5.69743e-09
1.50055e-08
3.64156e-08
8.25155e-08
1.76335e-07
3.58168e-07
6.95797e-07
1.2993e-06
2.34183e-06
4.0879e-06
6.93087e-06
1.14414e-05
1.84287e-05
2.90163e-05
4.4734e-05
6.76281e-05
0.000100391
0.000146509
0.000210441
0.000297802
0.000415587
0.000572405
0.000778736
0.00104721
0.00139288
0.00183358
0.00239016
0.0030869
0.00395174
0.00501669
0.00631808
0.00789687
0.00979894
0.0120753
0.0147825
0.0179825
0.0217429
0.0261374
0.0312454
0.037152
0.0439483
0.051731
0.0606021
0.070669
0.082044
0.0948438
0.109189
0.125205
0.143018
0.162758
0.184559
0.208551
0.23487
0.263649
0.29502
0.329114
0.36606
0.405983
0.449006
0.495246
0.544816
0.597823
0.654369
0.714547
0.778447
0.846148
0.917724
0.99324
1.07275
1.15632
1.24397
1.33575
1.43168
1.53179
1.63608
1.74456
1.85724
1.97411
2.09516
2.22039
2.34976
2.48327
2.62089
2.7626
2.90839
3.05822
3.21207
3.36994
3.5318
3.69764
3.86746
4.04125
4.21902
4.40079
4.58656
4.58656
0
0
2.90657e-11
1.55005e-10
6.06985e-10
1.99824e-09
5.79733e-09
1.52253e-08
3.68569e-08
8.3329e-08
1.77713e-07
3.60294e-07
6.98688e-07
1.3024e-06
2.34314e-06
4.08231e-06
6.90722e-06
1.13776e-05
1.82842e-05
2.87208e-05
4.41713e-05
6.66139e-05
9.86431e-05
0.00014361
0.000205785
0.000290535
0.000404528
0.00055595
0.000754746
0.00101287
0.00134457
0.00176664
0.00229875
0.0029637
0.00378774
0.00480086
0.00603708
0.00753471
0.00933658
0.0114903
0.0140485
0.0170689
0.0206144
0.0247534
0.0295596
0.035112
0.0414951
0.0487982
0.0571159
0.0665475
0.0771967
0.0891714
0.102583
0.117547
0.13418
0.152602
0.172935
0.195302
0.219825
0.246627
0.27583
0.307555
0.341921
0.379041
0.419029
0.461993
0.508037
0.557258
0.60975
0.6656
0.724888
0.787689
0.85407
0.924091
0.997805
1.07526
1.15649
1.24153
1.33041
1.42315
1.51975
1.62022
1.72457
1.8328
1.94488
2.06083
2.18061
2.30421
2.43162
2.56281
2.69776
2.83646
2.97889
3.12503
3.27487
3.4284
3.58561
3.74651
3.91109
4.07937
4.25137
4.25137
0
0
3.00338e-11
1.59345e-10
6.21189e-10
2.03731e-09
5.89184e-09
1.54307e-08
3.72631e-08
8.40625e-08
1.78919e-07
3.62049e-07
7.00746e-07
1.30361e-06
2.34028e-06
4.06792e-06
6.86591e-06
1.12802e-05
1.80789e-05
2.83201e-05
4.34341e-05
6.53205e-05
9.64629e-05
0.000140059
0.000200172
0.000281895
0.000391537
0.00053683
0.00072714
0.00097371
0.0012899
0.00169145
0.00219673
0.00282703
0.00360682
0.00456401
0.00573021
0.00714095
0.00883597
0.0108594
0.0132597
0.0160904
0.0194096
0.0232803
0.0277703
0.0329524
0.0389043
0.0457083
0.0534511
0.0622239
0.0721218
0.0832437
0.0956919
0.109572
0.12499
0.142058
0.160885
0.181584
0.204268
0.229048
0.256036
0.285342
0.317074
0.351338
0.388235
0.427864
0.47032
0.515692
0.564066
0.615521
0.670129
0.72796
0.789074
0.853526
0.921364
0.992632
1.06736
1.14559
1.22733
1.31261
1.40144
1.49382
1.58975
1.68923
1.79226
1.89883
2.00892
2.12251
2.2396
2.36017
2.48419
2.61165
2.74254
2.87684
3.01453
3.15563
3.3001
3.44797
3.59924
3.7539
3.912
3.912
0
0
3.09785e-11
1.6355e-10
6.34839e-10
2.07451e-09
5.98082e-09
1.56215e-08
3.76335e-08
8.4715e-08
1.79936e-07
3.63338e-07
7.01655e-07
1.3021e-06
2.33136e-06
4.04086e-06
6.79977e-06
1.11369e-05
1.77926e-05
2.77826e-05
4.24747e-05
6.36786e-05
9.3752e-05
0.000135722
0.00019342
0.00027164
0.000376303
0.000514645
0.000695416
0.000929093
0.0012281
0.00160706
0.00208299
0.0026756
0.00340748
0.00430438
0.00539542
0.0067133
0.00829451
0.0101795
0.0124129
0.0150436
0.0181247
0.0217138
0.0258729
0.0306685
0.0361713
0.0424564
0.0496026
0.0576931
0.0668142
0.0770559
0.088511
0.101275
0.115446
0.131122
0.148406
0.167398
0.1882
0.210914
0.235641
0.26248
0.291529
0.322883
0.356635
0.392873
0.431685
0.473149
0.517344
0.564341
0.614207
0.667002
0.722782
0.781596
0.84349
0.908501
0.976661
1.048
1.12253
1.20028
1.28125
1.36545
1.45288
1.54355
1.63743
1.73454
1.83485
1.93835
2.04503
2.15487
2.26786
2.38399
2.50323
2.62559
2.75104
2.87958
3.01122
3.14595
3.28377
3.4247
3.56876
3.56876
0
0
3.18983e-11
1.67614e-10
6.47915e-10
2.10979e-09
6.06416e-09
1.57974e-08
3.79677e-08
8.52736e-08
1.80692e-07
3.63919e-07
7.00758e-07
1.29636e-06
2.31326e-06
3.99532e-06
6.69863e-06
1.09306e-05
1.73984e-05
2.70679e-05
4.12339e-05
6.16037e-05
9.03932e-05
0.000130438
0.000185317
0.000259494
0.000358469
0.000488946
0.000659014
0.000878335
0.00115835
0.00151248
0.00195636
0.002508
0.00318808
0.00402009
0.00503058
0.00624933
0.0077095
0.00944787
0.0115049
0.0139248
0.0167557
0.0200499
0.0238632
0.0282557
0.0332913
0.0390375
0.0455655
0.0529501
0.061269
0.0706032
0.0810361
0.0926534
0.105543
0.119794
0.135497
0.152742
0.171622
0.192227
0.214648
0.238974
0.265292
0.293687
0.324243
0.357039
0.392151
0.429653
0.469612
0.512094
0.557157
0.604856
0.655241
0.708356
0.764242
0.822931
0.884454
0.948833
1.01609
1.08624
1.15928
1.23524
1.3141
1.39587
1.48054
1.56811
1.65856
1.75189
1.84808
1.94712
2.049
2.1537
2.26121
2.37153
2.48464
2.60055
2.71924
2.84072
2.965
3.09209
3.222
3.222
0
0
3.27913e-11
1.71529e-10
6.60396e-10
2.14308e-09
6.14172e-09
1.59581e-08
3.82566e-08
8.56861e-08
1.81004e-07
3.63281e-07
6.96867e-07
1.28391e-06
2.2813e-06
3.92297e-06
6.54852e-06
1.06392e-05
1.68625e-05
2.61255e-05
3.96394e-05
5.89946e-05
8.62482e-05
0.000124023
0.000175621
0.000245144
0.000337638
0.000459236
0.000617318
0.000820684
0.00107973
0.00140664
0.00181554
0.00232274
0.0029469
0.00370918
0.00463347
0.00574652
0.00707813
0.00866125
0.0105321
0.0127303
0.0152988
0.0182843
0.0217366
0.0257094
0.0302593
0.0354467
0.0413348
0.0479901
0.0554816
0.0638812
0.073263
0.0837029
0.0952788
0.10807
0.122156
0.137618
0.154536
0.172991
0.193064
0.214832
0.238373
0.263763
0.291074
0.320378
0.351741
0.385228
0.4209
0.458813
0.499019
0.541567
0.586502
0.633861
0.683681
0.735991
0.790817
0.848181
0.9081
0.970586
1.03565
1.10329
1.17352
1.24634
1.32173
1.39969
1.48022
1.56331
1.64894
1.7371
1.8278
1.921
2.01671
2.11491
2.2156
2.31878
2.42445
2.5326
2.64324
2.75639
2.87205
2.87205
0
0
3.36562e-11
1.75289e-10
6.72264e-10
2.17435e-09
6.21341e-09
1.60971e-08
3.84614e-08
8.58123e-08
1.80478e-07
3.60493e-07
6.88012e-07
1.26096e-06
2.22867e-06
3.8123e-06
6.33092e-06
1.02341e-05
1.61421e-05
2.48937e-05
3.76041e-05
5.57318e-05
8.11561e-05
0.000116265
0.000164054
0.000228238
0.000313367
0.000424962
0.000569652
0.000755321
0.000991267
0.00128835
0.00165918
0.00211825
0.00268212
0.00336957
0.00420173
0.00520228
0.00639752
0.00781651
0.00949117
0.0114564
0.01375
0.0164128
0.0194888
0.0230249
0.0270708
0.0316793
0.0369058
0.0428084
0.0494475
0.0568859
0.0651881
0.0744206
0.0846511
0.0959486
0.108383
0.122024
0.136943
0.153209
0.170892
0.190061
0.210783
0.233123
0.257145
0.28291
0.310478
0.339903
0.371238
0.404533
0.439834
0.477181
0.516614
0.558167
0.601871
0.647751
0.695829
0.746126
0.798656
0.853429
0.910455
0.969738
1.03128
1.09508
1.16114
1.22944
1.29999
1.37278
1.44779
1.52503
1.60447
1.68611
1.76995
1.85598
1.94418
2.03457
2.12713
2.22188
2.31881
2.41794
2.51928
2.51928
0
0
3.44914e-11
1.7889e-10
6.83501e-10
2.20355e-09
6.2746e-09
1.61859e-08
3.84762e-08
8.53495e-08
1.78385e-07
3.53994e-07
6.71154e-07
1.222e-06
2.14594e-06
3.64797e-06
6.0219e-06
9.67927e-06
1.51846e-05
2.3298e-05
3.5025e-05
5.16756e-05
7.49312e-05
0.000106921
0.000150307
0.000208381
0.000285163
0.000385521
0.000515282
0.000681365
0.000891908
0.00115641
0.00148585
0.00189287
0.00239186
0.00299911
0.00373296
0.0046139
0.00566468
0.00691039
0.00837857
0.0100993
0.0121051
0.0144312
0.0171153
0.0201976
0.023721
0.0277306
0.0322739
0.0374007
0.0431626
0.0496133
0.0568081
0.0648036
0.0736579
0.0834296
0.0941785
0.105964
0.118847
0.132887
0.148142
0.164672
0.182533
0.201782
0.222473
0.244657
0.268385
0.293705
0.32066
0.349293
0.379643
0.411746
0.445633
0.481335
0.518877
0.558282
0.599569
0.642754
0.68785
0.734867
0.783811
0.834687
0.887498
0.942242
0.998917
1.05752
1.11805
1.18049
1.24484
1.31109
1.37924
1.44927
1.52119
1.59498
1.67064
1.74818
1.82759
1.90887
1.99202
2.07707
2.16402
2.16402
0
0
3.52956e-11
1.82324e-10
6.94093e-10
2.22738e-09
6.30418e-09
1.61444e-08
3.80685e-08
8.37291e-08
1.73492e-07
3.41353e-07
6.41828e-07
1.15931e-06
2.02045e-06
3.41005e-06
5.59123e-06
8.93023e-06
1.39267e-05
2.125e-05
3.17816e-05
4.66649e-05
6.73621e-05
9.57181e-05
0.000134032
0.000185139
0.000252491
0.000340257
0.000453416
0.000597867
0.000780535
0.00100948
0.00129403
0.00164485
0.00207412
0.00259558
0.00322467
0.00397864
0.00487659
0.0059396
0.00719075
0.00865521
0.0103602
0.0123352
0.0146117
0.0172232
0.0202055
0.0235962
0.0274348
0.0317627
0.036623
0.0420602
0.0481201
0.05485
0.0622979
0.0705125
0.0795433
0.0894399
0.100252
0.112029
0.12482
0.138674
0.153637
0.169757
0.187077
0.205641
0.22549
0.246664
0.2692
0.293131
0.318492
0.34531
0.373613
0.403425
0.434768
0.467661
0.502118
0.538154
0.57578
0.615004
0.655831
0.698265
0.742309
0.787961
0.835221
0.884086
0.934551
0.986611
1.04026
1.0955
1.15231
1.2107
1.27065
1.33217
1.39525
1.4599
1.5261
1.59387
1.66321
1.73412
1.80662
1.80662
0
0
3.60677e-11
1.85588e-10
7.01684e-10
2.23031e-09
6.24202e-09
1.57949e-08
3.67969e-08
7.99816e-08
1.63862e-07
3.18974e-07
5.93761e-07
1.0625e-06
1.83567e-06
3.07327e-06
5.00147e-06
7.93316e-06
1.22928e-05
1.8646e-05
2.77344e-05
4.05159e-05
5.82103e-05
8.2352e-05
0.000114847
0.000158036
0.000214765
0.00028846
0.000383204
0.000503821
0.000655966
0.000846209
0.00108213
0.00137239
0.00172687
0.00215668
0.00267431
0.00329368
0.0040302
0.00490083
0.00592415
0.00712038
0.0085114
0.0101208
0.0119738
0.0140974
0.01652
0.0192718
0.0223843
0.0258907
0.0298252
0.0342234
0.0391219
0.0445581
0.0505705
0.0571977
0.0644792
0.0724544
0.0811627
0.0906437
0.100936
0.112079
0.124109
0.137063
0.150977
0.165885
0.18182
0.198813
0.216894
0.236089
0.256425
0.277925
0.300611
0.324501
0.349613
0.375962
0.40356
0.432418
0.462545
0.493947
0.526629
0.560595
0.595846
0.632381
0.670201
0.709302
0.749682
0.791336
0.834262
0.878455
0.92391
0.970623
1.01859
1.06781
1.11828
1.17
1.22297
1.2772
1.33268
1.38942
1.44744
1.44744
0
0
3.68063e-11
1.87005e-10
6.94891e-10
2.16729e-09
5.95264e-09
1.47958e-08
3.3901e-08
7.2569e-08
1.4661e-07
2.81771e-07
5.18436e-07
9.17901e-07
1.57054e-06
2.60619e-06
4.20708e-06
6.62371e-06
1.0194e-05
1.53659e-05
2.27241e-05
3.30205e-05
4.7209e-05
6.64848e-05
9.23282e-05
0.000126552
0.000171353
0.00022937
0.000303739
0.000398159
0.000516955
0.000665144
0.000848498
0.00107362
0.00134799
0.00168007
0.00207929
0.0025562
0.00312242
0.00379077
0.00457524
0.00549106
0.0065547
0.00778387
0.00919754
0.0108159
0.0126604
0.0147534
0.0171188
0.0197812
0.0227663
0.0261006
0.0298115
0.0339271
0.0384757
0.0434865
0.0489888
0.0550119
0.0615853
0.0687383
0.0764999
0.0848988
0.0939629
0.103719
0.114195
0.125415
0.137404
0.150185
0.16378
0.17821
0.193492
0.209646
0.226687
0.244628
0.263484
0.283265
0.30398
0.325638
0.348245
0.371806
0.396325
0.421804
0.448245
0.475647
0.50401
0.533333
0.563614
0.594849
0.627036
0.660173
0.694255
0.729281
0.765248
0.802153
0.839997
0.878779
0.9185
0.959161
1.00077
1.04332
1.08683
1.08683
0
0
3.63225e-11
1.78254e-10
6.40062e-10
1.93538e-09
5.17251e-09
1.25529e-08
2.81645e-08
5.91842e-08
1.17626e-07
2.22795e-07
4.04619e-07
7.08057e-07
1.1988e-06
1.97045e-06
3.15348e-06
4.92607e-06
7.52722e-06
1.12722e-05
1.65703e-05
2.39461e-05
3.40621e-05
4.77457e-05
6.60181e-05
9.01262e-05
0.000121577
0.000162176
0.000214063
0.000279759
0.000362201
0.000464791
0.000591441
0.000746611
0.000935353
0.00116336
0.00143699
0.00176332
0.00215016
0.0026061
0.00314051
0.00376358
0.00448632
0.00532055
0.00627893
0.00737492
0.00862277
0.0100375
0.0116348
0.0134312
0.0154437
0.0176899
0.020188
0.0229565
0.0260145
0.0293811
0.0330756
0.0371177
0.0415267
0.0463221
0.0515231
0.0571486
0.0632171
0.0697467
0.0767549
0.0842584
0.0922735
0.100815
0.109899
0.119537
0.129742
0.140527
0.151901
0.163874
0.176455
0.18965
0.203467
0.21791
0.232984
0.248692
0.265037
0.282021
0.299644
0.317906
0.336807
0.356347
0.376524
0.397337
0.418783
0.440861
0.463569
0.486906
0.510869
0.535458
0.560673
0.586513
0.612979
0.640073
0.667797
0.696155
0.725151
0.725151
0
0
2.91617e-11
1.34729e-10
4.59561e-10
1.33224e-09
3.43904e-09
8.10741e-09
1.77487e-08
3.65185e-08
7.12642e-08
1.32838e-07
2.37866e-07
4.11067e-07
6.88227e-07
1.11993e-06
1.77619e-06
2.752e-06
4.17406e-06
6.20862e-06
9.07062e-06
1.30341e-05
1.84442e-05
2.57301e-05
3.54198e-05
4.81564e-05
6.47148e-05
8.60204e-05
0.000113169
0.000147446
0.000190348
0.000243607
0.000309205
0.000389403
0.000486758
0.000604144
0.000744769
0.000912198
0.00111036
0.00134357
0.00161654
0.00193437
0.00230259
0.0027271
0.00321424
0.00377074
0.00440371
0.00512065
0.0059294
0.00683815
0.00785539
0.00898991
0.0102507
0.0116471
0.0131884
0.0148842
0.0167442
0.0187779
0.0209952
0.0234055
0.0260185
0.0288434
0.0318896
0.0351659
0.038681
0.0424432
0.0464607
0.0507408
0.0552908
0.0601175
0.065227
0.0706251
0.076317
0.0823075
0.0886007
0.0952003
0.102109
0.109331
0.116867
0.124718
0.132888
0.141375
0.150181
0.159307
0.16875
0.178513
0.188593
0.19899
0.209703
0.220732
0.232076
0.243733
0.255703
0.267987
0.280582
0.293491
0.306713
0.320248
0.334099
0.348267
0.362755
0.362755
0
0
0
0
0
0
0
0
0
0
0
0
0
0
0
0
0
0
0
0
0
0
0
0
0
0
0
0
0
0
0
0
0
0
0
0
0
0
0
0
0
0
0
0
0
0
0
0
0
0
0
0
0
0
0
0
0
0
0
0
0
0
0
0
0
0
0
0
0
0
0
0
0
0
0
0
0
0
0
0
0
0
0
0
0
0
0
0
0
0
0
0
0
0
0
0
0
0
0
0
1.41431e-15
1.41431e-15
0
0
0
0
0
0
0
0
0
0
0
0
0
0
0
0
0
0
0
0
0
0
0
0
0
0
0
0
0
0
0
0
0
0
0
0
0
0
0
0
0
0
0
0
0
0
0
0
0
0
0
0
0
0
0
0
0
0
0
0
0
0
0
0
0
0
0
0
0
0
0
0
0
0
0
0
0
0
0
0
0
0
0
0
0
0
0
0
0
0
0
0
0
0
0
0
0
0
0
0
1.41431e-15
0
